369, 299,-183,372, 305,-173,375, 305,-173,377, 305,-173,366, 304,-170,364, 304,-170,362, 304,-170,381, 302,-109,358, 300,-96,375, 293,-160,366, 292,-156,405, 270,-82,340, 265,-64,443, 261,-159,307, 251,-161,432, 301,-238,312, 290,-292,428, 311,-259,313, 301,-322,424, 313,-250,317, 302,-310,423, 309,-237,319, 299,-292,394, 165,-6,356, 166,6,395, 107,55,353, 112,106,405, 56,157,350, 64,259,403, 46,164,355, 59,272,416, 30,94,338, 41,218,
369, 299,-181,372, 305,-170,375, 305,-170,377, 305,-170,366, 304,-168,364, 304,-168,362, 303,-168,381, 302,-104,358, 300,-95,375, 292,-157,366, 291,-154,404, 270,-76,340, 265,-64,443, 261,-158,307, 251,-163,431, 301,-241,312, 290,-296,428, 311,-264,313, 301,-327,424, 313,-254,317, 303,-316,423, 309,-240,319, 299,-296,394, 167,-6,356, 167,6,395, 108,49,352, 114,104,405, 57,150,350, 66,262,403, 48,157,354, 60,275,417, 32,86,339, 42,220,
369, 299,-179,372, 305,-167,375, 305,-167,377, 305,-167,366, 304,-165,364, 304,-165,362, 303,-165,381, 301,-101,358, 300,-93,375, 292,-155,366, 291,-152,404, 270,-73,340, 265,-64,443, 262,-158,307, 251,-163,431, 301,-245,312, 290,-296,428, 311,-269,313, 301,-327,423, 313,-258,317, 303,-316,423, 309,-244,319, 299,-296,394, 168,-6,356, 168,6,395, 108,46,352, 115,101,405, 59,143,350, 66,257,403, 49,148,353, 61,270,417, 33,76,340, 43,212,
369, 298,-179,372, 304,-168,374, 305,-168,376, 305,-168,366, 304,-166,364, 304,-166,362, 303,-166,381, 301,-102,358, 299,-93,375, 292,-155,366, 291,-152,404, 270,-73,340, 265,-63,443, 262,-157,307, 251,-161,431, 301,-244,312, 290,-291,427, 311,-267,313, 301,-321,423, 312,-257,317, 303,-309,423, 309,-243,319, 299,-291,394, 169,-5,356, 168,5,395, 109,48,352, 115,97,404, 60,145,349, 67,251,402, 50,151,353, 61,263,417, 37,77,340, 44,205,
369, 298,-179,372, 304,-168,374, 304,-168,376, 304,-168,366, 304,-166,364, 304,-166,361, 303,-166,380, 301,-103,358, 299,-92,375, 292,-155,366, 291,-152,404, 270,-73,340, 265,-62,443, 262,-156,307, 251,-160,430, 301,-245,312, 291,-289,427, 311,-268,313, 301,-319,423, 312,-257,317, 303,-307,423, 309,-243,319, 300,-289,394, 169,-5,356, 168,5,395, 110,48,352, 115,95,404, 61,149,349, 67,250,401, 52,156,353, 61,263,417, 38,87,340, 44,205,
369, 298,-179,372, 304,-168,374, 304,-168,376, 304,-168,366, 304,-166,363, 303,-166,361, 303,-166,380, 301,-103,358, 299,-92,375, 292,-155,366, 291,-152,404, 270,-73,340, 265,-62,443, 262,-159,307, 251,-159,430, 301,-253,312, 290,-290,427, 311,-277,313, 301,-320,423, 312,-266,317, 303,-308,422, 309,-252,319, 299,-289,394, 169,-5,356, 168,5,395, 109,41,352, 115,97,404, 61,137,349, 67,253,401, 51,142,352, 61,266,417, 37,72,340, 44,208,
369, 298,-179,372, 304,-169,374, 304,-169,376, 304,-169,366, 304,-166,363, 303,-166,361, 303,-166,380, 301,-104,358, 299,-93,375, 292,-155,366, 291,-152,404, 270,-74,340, 265,-61,443, 262,-159,307, 251,-154,430, 301,-251,311, 290,-283,427, 311,-274,313, 301,-313,423, 312,-263,317, 303,-301,422, 309,-249,318, 299,-283,394, 169,-5,356, 169,5,395, 110,42,352, 115,95,404, 61,143,349, 67,248,401, 52,150,352, 61,261,417, 38,84,340, 44,204,
369, 298,-178,372, 304,-168,374, 304,-168,376, 304,-168,365, 304,-165,363, 303,-165,361, 303,-165,380, 301,-104,358, 299,-91,375, 292,-155,365, 291,-151,404, 270,-73,340, 265,-59,443, 262,-156,307, 251,-151,430, 301,-245,311, 290,-279,427, 311,-267,313, 300,-308,422, 312,-257,317, 303,-297,422, 309,-244,318, 299,-279,394, 170,-5,356, 169,5,395, 110,48,352, 116,95,403, 61,149,349, 67,246,400, 52,156,352, 61,259,417, 38,91,340, 44,202,
369, 298,-178,372, 304,-168,374, 304,-168,376, 304,-168,365, 304,-165,363, 303,-165,361, 303,-165,380, 301,-104,358, 299,-91,375, 292,-155,365, 291,-151,404, 270,-73,340, 265,-59,443, 262,-157,307, 251,-152,430, 301,-245,311, 290,-281,427, 311,-267,313, 300,-311,422, 312,-257,317, 303,-299,422, 309,-244,318, 299,-281,394, 170,-5,356, 169,5,395, 110,43,352, 116,96,403, 61,137,349, 68,247,400, 52,143,352, 62,260,417, 38,75,340, 44,202,
369, 298,-176,372, 304,-166,374, 304,-166,376, 304,-166,365, 304,-163,363, 303,-163,361, 303,-163,380, 301,-103,358, 299,-90,375, 292,-153,365, 291,-150,404, 270,-73,340, 265,-59,443, 262,-157,307, 251,-153,430, 301,-246,311, 290,-282,427, 311,-268,313, 300,-311,422, 312,-257,317, 303,-299,422, 309,-244,318, 299,-281,394, 170,-5,356, 170,5,395, 110,40,352, 116,96,403, 61,129,349, 68,247,400, 51,134,352, 62,260,418, 37,64,340, 44,203,
369, 298,-177,371, 304,-167,374, 304,-167,376, 304,-167,365, 304,-164,363, 303,-164,361, 303,-164,380, 301,-103,358, 299,-91,375, 292,-153,365, 291,-150,404, 270,-73,340, 265,-59,443, 262,-157,307, 252,-152,430, 301,-246,311, 290,-281,427, 311,-268,313, 300,-311,422, 312,-257,317, 303,-299,422, 309,-244,318, 299,-281,394, 170,-6,356, 170,6,395, 111,42,352, 116,96,403, 61,135,349, 68,247,400, 51,140,352, 62,259,417, 37,70,340, 44,202,
369, 298,-177,371, 304,-167,374, 304,-167,376, 304,-167,365, 304,-164,363, 303,-164,361, 303,-164,380, 301,-103,358, 299,-91,374, 292,-153,365, 291,-150,404, 270,-73,340, 265,-60,443, 262,-157,307, 252,-153,430, 301,-246,311, 290,-282,427, 311,-268,313, 301,-312,422, 312,-257,317, 303,-301,422, 309,-244,318, 299,-282,394, 170,-6,356, 170,6,395, 111,42,352, 116,97,403, 61,137,349, 68,247,400, 51,143,352, 62,260,417, 37,73,340, 44,203,
369, 298,-176,371, 304,-166,374, 304,-166,376, 304,-166,365, 304,-163,363, 303,-163,361, 303,-163,380, 301,-103,358, 299,-91,374, 292,-153,365, 291,-149,404, 270,-73,340, 265,-59,443, 262,-154,307, 252,-151,430, 301,-239,311, 290,-279,427, 311,-260,313, 301,-308,422, 312,-250,317, 303,-297,422, 309,-237,318, 300,-279,394, 171,-6,356, 170,6,395, 111,43,352, 116,97,403, 62,138,349, 68,244,400, 52,144,352, 63,257,417, 37,74,340, 44,201,
369, 298,-176,371, 304,-166,374, 304,-166,376, 304,-166,365, 304,-163,363, 303,-163,361, 303,-163,380, 301,-103,358, 299,-91,374, 292,-153,365, 291,-150,404, 270,-73,340, 265,-59,443, 262,-154,307, 252,-151,430, 301,-240,311, 290,-279,427, 311,-261,313, 301,-308,422, 312,-251,317, 303,-296,422, 309,-238,318, 300,-278,394, 171,-6,356, 170,6,395, 111,43,352, 116,96,403, 62,138,349, 68,242,400, 52,144,352, 63,254,416, 37,74,340, 44,197,
368, 298,-176,371, 304,-166,374, 304,-166,376, 304,-166,365, 304,-163,363, 303,-164,361, 303,-163,380, 301,-103,358, 299,-91,374, 292,-153,365, 291,-150,404, 270,-74,340, 265,-58,443, 262,-155,307, 252,-147,430, 301,-239,312, 291,-274,427, 311,-260,313, 301,-303,422, 312,-250,317, 303,-291,422, 309,-237,318, 300,-274,394, 171,-6,356, 170,6,395, 111,44,352, 116,95,403, 62,139,349, 68,242,400, 52,146,352, 62,254,416, 37,75,340, 44,197,
368, 298,-177,371, 304,-167,374, 304,-167,376, 304,-167,365, 304,-164,363, 304,-164,361, 303,-164,380, 301,-104,358, 299,-91,374, 292,-154,365, 291,-150,404, 270,-74,340, 265,-58,443, 262,-156,307, 252,-148,430, 301,-242,312, 290,-274,427, 311,-264,313, 301,-304,422, 312,-254,317, 303,-291,422, 309,-241,318, 300,-274,394, 171,-6,356, 170,6,395, 111,44,352, 116,96,403, 62,139,349, 68,244,400, 52,144,352, 62,256,416, 37,74,340, 44,199,
368, 298,-178,371, 304,-168,374, 304,-168,376, 304,-168,365, 304,-165,363, 304,-165,361, 303,-165,380, 301,-105,358, 299,-92,374, 292,-155,365, 291,-151,404, 270,-74,340, 265,-59,443, 262,-156,307, 252,-148,430, 301,-242,312, 290,-276,427, 311,-264,313, 301,-305,422, 312,-254,317, 303,-293,422, 309,-241,318, 300,-276,394, 171,-6,355, 170,6,395, 111,47,352, 116,95,403, 61,145,349, 68,242,400, 52,151,352, 62,254,416, 37,83,340, 44,197,
368, 298,-178,371, 304,-168,374, 304,-168,376, 304,-168,365, 304,-165,363, 304,-165,361, 303,-165,380, 301,-105,358, 299,-93,374, 292,-155,365, 291,-152,404, 270,-74,340, 265,-60,443, 262,-156,307, 252,-151,430, 301,-242,312, 290,-278,427, 311,-264,313, 301,-307,422, 312,-254,317, 303,-296,422, 309,-241,318, 300,-278,394, 171,-5,355, 170,5,394, 112,51,352, 116,90,403, 63,154,349, 68,234,399, 53,161,352, 62,246,416, 39,95,340, 44,188,
368, 298,-178,371, 304,-168,374, 304,-168,376, 304,-168,365, 304,-165,363, 304,-165,361, 303,-165,380, 301,-104,358, 299,-92,374, 292,-155,365, 291,-151,404, 270,-74,340, 265,-59,443, 262,-155,307, 252,-149,430, 301,-241,312, 290,-275,427, 311,-263,313, 301,-304,422, 312,-253,317, 303,-292,422, 309,-240,318, 300,-275,394, 171,-5,355, 170,5,394, 112,51,352, 116,91,403, 63,153,349, 68,237,399, 53,159,352, 62,249,416, 39,92,340, 44,191,
368, 298,-178,371, 304,-168,374, 304,-168,376, 304,-168,365, 304,-165,363, 304,-165,361, 303,-165,380, 301,-104,358, 299,-92,374, 292,-155,365, 291,-151,404, 270,-73,340, 265,-59,443, 262,-154,307, 252,-149,430, 301,-241,312, 290,-276,427, 311,-263,313, 301,-305,422, 312,-253,317, 303,-293,422, 309,-240,318, 299,-276,394, 171,-5,355, 170,5,394, 112,50,352, 116,90,402, 63,155,349, 68,237,399, 53,162,352, 63,249,416, 38,94,339, 44,190,
369, 298,-182,371, 304,-172,374, 304,-172,376, 304,-172,365, 304,-169,363, 304,-169,361, 303,-169,380, 301,-109,358, 299,-96,374, 292,-159,365, 291,-155,404, 270,-78,340, 265,-64,444, 261,-163,307, 252,-158,430, 301,-249,312, 290,-288,427, 311,-271,313, 300,-317,422, 312,-261,317, 303,-305,422, 308,-248,318, 299,-288,394, 171,-5,355, 170,5,394, 112,50,352, 116,90,402, 63,155,349, 68,240,399, 53,162,352, 63,253,416, 38,94,339, 44,195,
369, 298,-184,372, 304,-174,374, 304,-174,376, 304,-174,365, 304,-171,363, 304,-171,361, 303,-171,380, 301,-110,358, 299,-98,374, 292,-160,365, 291,-157,404, 270,-79,340, 265,-65,444, 261,-163,307, 252,-160,430, 301,-251,312, 290,-290,427, 311,-273,313, 300,-319,422, 312,-263,317, 303,-308,422, 308,-249,318, 299,-289,394, 170,-5,355, 170,5,394, 112,49,352, 116,91,403, 62,154,349, 68,243,399, 53,161,352, 63,256,416, 38,93,339, 44,198,
369, 298,-182,372, 304,-172,374, 304,-172,376, 304,-172,365, 304,-169,363, 304,-169,361, 303,-169,380, 301,-108,358, 299,-96,374, 292,-159,365, 291,-155,404, 270,-78,340, 265,-64,444, 261,-160,307, 252,-156,430, 302,-248,312, 290,-284,427, 311,-269,313, 301,-313,422, 312,-260,317, 303,-302,422, 309,-246,318, 300,-284,394, 170,-5,355, 170,5,394, 112,49,352, 115,91,403, 62,151,349, 68,237,399, 53,157,352, 62,249,416, 38,88,339, 43,190,
369, 298,-176,372, 304,-166,374, 304,-166,376, 304,-166,365, 304,-163,363, 304,-163,361, 303,-163,380, 301,-103,358, 299,-89,374, 292,-154,365, 291,-150,404, 270,-76,340, 265,-56,444, 261,-158,307, 254,-142,430, 302,-241,312, 294,-264,427, 312,-263,313, 304,-293,422, 313,-254,317, 305,-281,422, 310,-240,318, 302,-264,394, 170,-6,355, 170,6,394, 111,48,352, 115,91,403, 61,144,349, 68,237,399, 52,149,352, 62,249,416, 37,79,339, 43,191,
369, 298,-173,372, 304,-163,374, 304,-163,376, 304,-163,366, 304,-160,364, 304,-160,361, 303,-160,380, 301,-101,358, 299,-87,375, 292,-151,365, 291,-147,404, 270,-75,340, 266,-54,444, 265,-157,307, 255,-139,429, 306,-241,312, 296,-259,426, 317,-262,313, 306,-287,422, 317,-253,317, 307,-276,421, 314,-240,318, 304,-259,394, 170,-6,355, 170,6,394, 111,46,352, 115,90,403, 61,139,349, 68,229,399, 52,144,352, 62,240,416, 37,73,339, 43,181,
369, 298,-161,372, 304,-150,374, 304,-150,376, 304,-150,366, 304,-147,364, 304,-147,362, 303,-147,380, 301,-86,358, 299,-75,375, 292,-139,365, 291,-135,404, 270,-63,340, 266,-49,444, 270,-151,307, 259,-141,428, 311,-240,312, 301,-261,425, 321,-263,313, 309,-291,421, 321,-253,318, 310,-278,421, 318,-239,319, 307,-261,394, 171,-5,355, 171,5,394, 112,46,352, 115,76,403, 61,136,349, 68,202,399, 52,141,352, 62,212,416, 37,69,339, 43,150,
369, 298,-155,372, 304,-143,374, 305,-143,376, 305,-143,366, 304,-141,364, 304,-141,362, 303,-141,380, 301,-77,358, 299,-69,375, 292,-132,366, 292,-129,404, 270,-54,341, 266,-47,444, 275,-144,307, 262,-142,427, 316,-234,313, 305,-254,424, 325,-258,314, 313,-283,420, 326,-249,319, 313,-271,419, 323,-234,320, 311,-254,394, 172,-3,355, 172,3,394, 112,46,352, 115,66,403, 61,138,349, 68,187,399, 52,143,352, 62,195,416, 37,69,339, 43,129,
369, 298,-152,372, 304,-139,374, 305,-139,376, 305,-139,366, 304,-138,364, 304,-138,362, 303,-138,380, 301,-74,358, 299,-67,375, 292,-129,366, 292,-127,404, 270,-52,341, 267,-46,443, 281,-142,307, 268,-133,426, 321,-233,313, 311,-224,424, 330,-258,314, 318,-253,420, 331,-249,319, 319,-242,419, 327,-233,320, 316,-225,394, 172,-3,355, 172,3,394, 111,43,352, 115,70,403, 60,129,349, 68,195,400, 52,133,352, 62,204,417, 36,56,339, 43,139,
369, 298,-143,372, 304,-130,374, 305,-130,376, 305,-130,366, 304,-128,364, 304,-128,362, 303,-128,380, 301,-67,358, 299,-56,374, 293,-121,366, 292,-118,404, 271,-48,341, 267,-36,442, 286,-125,307, 272,-95,425, 327,-198,314, 315,-153,423, 336,-221,315, 322,-179,418, 336,-214,319, 323,-169,418, 333,-198,320, 320,-154,394, 172,-3,355, 172,3,394, 111,38,352, 115,68,403, 60,123,349, 68,189,400, 51,127,352, 62,198,417, 36,51,339, 43,132,
369, 298,-137,372, 304,-123,374, 305,-123,376, 305,-123,366, 304,-121,364, 304,-121,362, 303,-121,380, 301,-63,359, 299,-49,374, 293,-116,366, 292,-112,405, 271,-44,342, 267,-26,440, 292,-92,308, 279,-51,424, 333,-134,314, 322,-74,421, 343,-153,315, 330,-96,417, 342,-149,320, 331,-88,416, 339,-135,320, 328,-75,394, 172,-4,355, 172,4,394, 111,32,353, 115,65,403, 59,116,349, 68,180,400, 50,120,352, 62,189,417, 34,43,339, 43,124,
369, 298,-174,372, 304,-160,374, 304,-160,376, 304,-160,366, 303,-159,364, 303,-159,362, 303,-159,380, 301,-95,359, 299,-89,374, 292,-151,366, 292,-150,404, 272,-75,343, 269,-65,430, 305,-112,314, 294,-93,419, 349,-145,317, 338,-124,418, 360,-165,317, 346,-148,413, 360,-165,321, 347,-144,412, 356,-148,322, 345,-127,394, 176,-5,356, 176,5,394, 113,31,354, 117,58,403, 59,117,349, 69,173,401, 50,121,352, 62,180,416, 34,37,339, 43,110,
369, 298,-206,372, 303,-193,375, 303,-193,377, 303,-193,367, 303,-191,365, 303,-191,363, 302,-191,381, 301,-129,360, 299,-120,374, 291,-182,366, 290,-180,403, 274,-107,343, 271,-93,427, 308,-136,316, 299,-108,417, 352,-169,319, 342,-143,416, 362,-189,317, 351,-168,412, 363,-189,322, 352,-163,411, 360,-172,324, 350,-146,395, 178,-5,356, 177,5,393, 115,39,354, 118,37,403, 61,151,349, 69,155,401, 51,157,352, 63,162,416, 37,74,339, 43,88,
369, 297,-188,373, 303,-176,375, 303,-176,377, 303,-176,367, 302,-174,365, 302,-174,363, 302,-174,381, 300,-112,360, 299,-104,374, 291,-165,366, 290,-163,403, 275,-90,343, 272,-80,425, 309,-120,319, 301,-107,416, 353,-147,320, 342,-131,415, 363,-167,318, 352,-154,410, 364,-170,323, 353,-151,410, 361,-151,325, 350,-134,395, 179,-5,357, 178,5,394, 116,41,354, 119,38,403, 62,146,349, 69,148,401, 52,152,353, 63,154,416, 37,72,339, 43,82,
369, 298,-182,373, 303,-170,375, 303,-170,377, 303,-170,367, 302,-168,365, 302,-168,363, 302,-168,381, 300,-107,360, 299,-97,374, 292,-159,366, 290,-157,402, 276,-86,344, 272,-74,424, 310,-122,320, 301,-101,415, 356,-155,321, 343,-127,414, 365,-177,318, 353,-152,409, 365,-179,323, 354,-149,409, 363,-159,325, 351,-130,396, 180,-5,357, 179,5,394, 117,41,354, 121,46,403, 62,145,349, 69,160,400, 52,151,353, 63,167,416, 37,71,339, 44,96,
370, 298,-175,373, 303,-160,375, 303,-160,377, 303,-160,367, 303,-160,365, 302,-160,363, 302,-160,381, 300,-95,360, 299,-91,374, 292,-152,366, 291,-151,402, 276,-83,344, 272,-71,424, 311,-123,320, 302,-98,415, 356,-162,321, 344,-124,414, 365,-185,319, 353,-149,409, 366,-188,324, 354,-147,408, 363,-167,326, 351,-128,396, 179,-6,357, 179,6,394, 116,26,354, 120,58,403, 59,117,349, 69,183,401, 49,120,353, 62,190,416, 34,35,339, 44,119,
370, 298,-155,373, 303,-141,375, 303,-141,377, 303,-141,367, 302,-139,365, 302,-140,363, 301,-140,381, 300,-76,360, 299,-69,374, 292,-133,366, 291,-131,402, 276,-68,344, 273,-53,424, 311,-109,320, 301,-81,416, 355,-149,321, 344,-108,414, 365,-171,319, 353,-133,410, 366,-175,324, 354,-130,409, 363,-154,326, 351,-111,396, 179,-7,357, 178,7,394, 116,14,354, 121,66,404, 56,95,349, 69,198,402, 46,98,353, 62,206,416, 32,10,339, 44,138,
370, 298,-154,373, 303,-140,375, 303,-140,377, 303,-140,367, 302,-138,365, 302,-138,363, 301,-138,381, 300,-76,361, 299,-68,374, 292,-132,366, 291,-130,402, 277,-66,344, 273,-51,425, 310,-107,319, 300,-78,416, 353,-145,321, 343,-104,415, 364,-167,319, 352,-129,410, 364,-172,324, 354,-126,409, 361,-151,326, 351,-107,396, 179,-7,357, 178,7,394, 116,21,354, 120,66,404, 56,109,349, 68,197,402, 46,113,353, 61,204,416, 32,30,339, 44,135,
370, 298,-136,373, 303,-120,375, 303,-120,377, 303,-120,367, 303,-119,365, 302,-119,363, 302,-119,381, 300,-55,361, 299,-48,374, 292,-114,366, 291,-112,402, 276,-47,344, 272,-29,432, 305,-96,313, 293,-60,420, 345,-142,318, 339,-83,418, 356,-164,318, 348,-107,414, 357,-165,322, 349,-101,413, 353,-146,323, 346,-86,396, 177,-7,357, 176,7,394, 114,24,354, 119,69,405, 55,114,349, 68,196,404, 45,118,353, 61,204,417, 31,36,339, 43,137,
370, 298,-140,373, 304,-125,375, 304,-125,377, 304,-125,367, 303,-124,365, 303,-124,362, 302,-124,381, 301,-57,360, 299,-53,374, 293,-117,366, 291,-116,403, 275,-47,344, 270,-35,436, 295,-104,311, 288,-100,422, 336,-180,315, 331,-168,421, 347,-204,316, 339,-196,416, 348,-201,320, 340,-187,416, 344,-182,321, 337,-170,396, 177,-7,357, 175,7,394, 113,23,354, 119,80,406, 54,103,349, 68,211,407, 46,106,353, 60,220,417, 30,25,339, 43,157,
368, 299,-143,372, 304,-129,374, 304,-128,376, 304,-128,365, 304,-127,363, 303,-127,361, 303,-127,381, 301,-61,359, 300,-55,374, 293,-120,365, 292,-119,403, 273,-49,342, 269,-38,438, 288,-127,308, 281,-119,424, 329,-207,314, 325,-198,423, 339,-232,315, 333,-226,418, 340,-227,319, 333,-215,418, 336,-209,320, 330,-199,396, 175,-6,357, 173,6,394, 113,35,354, 118,77,406, 54,122,349, 68,206,406, 46,126,353, 60,215,417, 30,49,339, 43,150,
368, 299,-147,371, 304,-132,374, 304,-132,376, 304,-132,365, 303,-131,363, 303,-131,361, 303,-131,381, 301,-65,358, 300,-58,373, 292,-123,364, 291,-121,403, 272,-51,342, 268,-38,440, 281,-131,308, 275,-121,426, 323,-208,313, 319,-209,424, 333,-233,314, 327,-238,420, 334,-226,318, 327,-226,419, 330,-209,319, 324,-210,396, 173,-5,356, 172,5,394, 113,42,353, 117,75,405, 55,133,349, 68,204,405, 47,138,353, 61,212,417, 31,63,339, 42,146,
368, 298,-148,371, 304,-133,374, 304,-133,376, 304,-133,365, 303,-131,363, 303,-131,360, 303,-131,381, 301,-68,358, 300,-60,373, 292,-125,364, 291,-123,403, 271,-53,341, 268,-40,440, 276,-140,307, 269,-133,428, 318,-227,313, 313,-239,425, 328,-251,314, 321,-268,421, 328,-243,318, 321,-255,420, 325,-227,319, 318,-239,396, 173,-4,356, 172,4,394, 113,50,353, 117,73,405, 56,147,349, 67,196,403, 49,152,352, 60,204,417, 34,81,339, 42,141,
368, 298,-148,371, 304,-136,374, 304,-136,376, 304,-136,365, 303,-133,362, 303,-133,360, 303,-133,381, 301,-74,358, 300,-60,373, 292,-125,364, 291,-124,403, 271,-54,341, 268,-40,440, 272,-139,308, 264,-129,428, 312,-227,312, 308,-240,426, 322,-250,314, 316,-269,421, 323,-241,318, 317,-256,421, 319,-227,319, 313,-240,395, 172,-4,356, 171,4,394, 113,48,353, 117,72,404, 59,143,349, 67,191,401, 52,149,352, 60,200,417, 36,78,339, 42,138,
368, 298,-149,371, 304,-136,374, 304,-136,376, 304,-136,365, 303,-134,362, 303,-134,360, 302,-134,381, 301,-74,357, 300,-61,373, 292,-126,364, 291,-124,402, 271,-50,341, 268,-35,441, 268,-122,308, 261,-118,428, 309,-212,313, 305,-216,426, 318,-230,314, 313,-243,422, 319,-219,318, 315,-232,421, 315,-208,319, 311,-216,395, 172,-4,356, 172,4,394, 113,45,353, 115,64,404, 59,134,349, 67,179,401, 52,139,352, 60,188,417, 37,74,339, 42,125,
368, 298,-159,371, 303,-149,374, 304,-149,376, 304,-149,365, 303,-146,362, 303,-146,360, 302,-146,381, 301,-89,357, 299,-72,373, 292,-136,364, 290,-132,402, 271,-56,341, 268,-35,441, 265,-138,308, 258,-126,429, 304,-230,313, 299,-246,426, 314,-251,314, 309,-274,422, 316,-242,318, 310,-262,421, 312,-228,319, 307,-246,395, 172,-4,356, 172,4,394, 112,33,353, 114,71,404, 59,120,349, 67,204,401, 52,125,352, 59,215,418, 36,58,339, 42,155,
368, 297,-168,371, 303,-158,374, 303,-158,376, 304,-158,365, 303,-155,362, 302,-155,360, 302,-155,381, 301,-96,357, 299,-82,374, 291,-145,364, 290,-141,402, 271,-64,341, 267,-47,440, 262,-149,308, 255,-140,430, 302,-243,312, 296,-268,427, 312,-265,314, 305,-298,423, 314,-256,318, 307,-286,422, 310,-242,319, 304,-268,394, 171,-5,356, 171,5,394, 111,20,352, 113,87,405, 56,100,349, 67,236,408, 51,104,352, 59,248,419, 32,29,339, 42,189,
368, 297,-172,371, 303,-163,374, 303,-163,376, 303,-163,365, 302,-160,363, 302,-160,360, 302,-160,381, 301,-99,357, 299,-87,374, 291,-148,364, 290,-145,402, 271,-64,341, 267,-52,440, 259,-148,308, 253,-146,430, 299,-248,313, 293,-277,428, 310,-272,314, 302,-306,423, 312,-264,318, 305,-296,423, 308,-248,319, 301,-277,394, 171,-5,356, 171,5,394, 110,25,352, 113,84,405, 56,110,349, 67,227,406, 50,114,352, 59,239,419, 31,39,339, 42,178,
368, 297,-171,372, 303,-161,374, 303,-161,376, 303,-161,365, 302,-159,363, 302,-159,360, 302,-159,381, 301,-97,358, 299,-85,374, 291,-147,364, 290,-144,402, 271,-64,341, 267,-54,440, 260,-148,308, 254,-148,430, 300,-246,313, 294,-276,427, 310,-269,314, 304,-306,423, 312,-261,318, 306,-295,423, 309,-245,319, 303,-276,394, 171,-5,356, 171,5,394, 111,32,352, 113,82,405, 57,123,349, 67,223,404, 51,129,352, 60,234,419, 33,58,339, 42,173,
368, 297,-168,372, 303,-158,374, 303,-158,377, 303,-158,365, 302,-155,363, 302,-155,360, 301,-155,381, 301,-94,358, 299,-82,374, 291,-145,364, 290,-142,402, 271,-63,341, 266,-52,440, 262,-145,308, 255,-140,430, 302,-235,313, 296,-259,427, 312,-258,314, 305,-288,423, 314,-250,318, 307,-276,422, 310,-235,319, 304,-259,394, 170,-4,356, 170,4,395, 111,41,352, 113,82,404, 59,136,349, 67,219,402, 52,142,352, 60,230,419, 34,74,339, 42,170,
368, 297,-167,372, 303,-156,374, 303,-156,376, 303,-156,365, 302,-153,363, 302,-153,361, 302,-153,380, 301,-92,358, 299,-79,374, 291,-144,364, 290,-140,402, 271,-62,341, 266,-46,440, 264,-144,308, 257,-135,430, 304,-234,313, 298,-250,427, 314,-257,314, 307,-279,423, 315,-249,318, 309,-267,422, 312,-234,319, 306,-250,394, 170,-4,356, 170,4,395, 111,40,352, 113,81,404, 59,134,349, 67,218,401, 53,139,352, 60,229,419, 34,69,339, 42,168,
368, 297,-166,372, 303,-156,374, 303,-156,376, 303,-156,365, 302,-153,363, 302,-153,361, 301,-153,380, 300,-92,358, 299,-78,374, 290,-143,364, 290,-139,402, 270,-62,341, 266,-45,440, 266,-148,308, 258,-135,429, 307,-235,313, 299,-250,426, 317,-258,314, 308,-279,422, 318,-249,319, 310,-266,421, 315,-234,320, 306,-249,394, 170,-4,356, 170,4,395, 111,43,352, 113,81,404, 59,142,349, 67,216,401, 53,148,352, 60,227,419, 35,77,339, 42,166,
368, 297,-162,372, 303,-150,374, 303,-150,376, 303,-150,365, 302,-148,363, 302,-148,361, 302,-148,380, 300,-82,358, 299,-73,374, 291,-138,364, 290,-135,402, 270,-59,341, 266,-46,440, 273,-151,308, 263,-148,427, 314,-241,314, 305,-260,425, 323,-266,315, 313,-290,421, 324,-256,320, 314,-277,420, 321,-241,320, 311,-260,394, 170,-3,356, 170,3,395, 111,44,352, 113,80,404, 59,139,349, 67,215,401, 53,145,352, 60,225,419, 35,72,339, 42,165,
368, 297,-163,372, 303,-150,374, 304,-150,376, 304,-150,365, 303,-148,363, 302,-148,361, 302,-148,380, 300,-80,358, 299,-74,374, 291,-138,364, 290,-137,402, 270,-58,341, 266,-55,440, 280,-150,307, 270,-147,426, 320,-241,314, 313,-235,423, 329,-266,316, 320,-263,419, 330,-257,320, 320,-252,419, 327,-241,321, 318,-235,394, 171,-2,356, 170,2,394, 112,56,352, 114,78,404, 60,161,349, 67,210,400, 53,167,352, 60,220,418, 36,91,339, 42,152,
368, 298,-151,372, 304,-137,374, 304,-137,376, 304,-137,365, 303,-136,363, 303,-136,361, 302,-136,380, 300,-70,358, 299,-64,374, 291,-128,364, 291,-126,402, 270,-48,341, 266,-47,440, 287,-98,307, 277,-98,424, 327,-141,315, 320,-134,422, 336,-161,316, 328,-157,418, 336,-154,320, 328,-148,417, 333,-142,321, 325,-135,394, 172,-1,356, 171,1,394, 112,59,352, 114,65,403, 60,166,349, 67,189,399, 53,173,352, 60,199,418, 36,98,340, 42,127,
368, 298,-150,371, 304,-137,374, 304,-137,376, 304,-137,365, 303,-134,363, 303,-134,361, 302,-134,380, 300,-73,358, 299,-63,373, 292,-128,364, 291,-125,402, 270,-50,341, 267,-40,439, 292,-92,308, 281,-61,423, 332,-124,316, 324,-72,421, 342,-141,316, 333,-92,417, 342,-136,321, 334,-84,416, 339,-125,321, 331,-73,393, 173,-2,356, 172,2,394, 113,54,353, 116,56,403, 61,156,349, 67,167,399, 54,163,352, 60,175,418, 36,88,340, 42,105,
368, 298,-147,371, 304,-134,373, 304,-134,375, 304,-134,365, 303,-131,363, 303,-131,361, 302,-131,380, 300,-73,358, 299,-59,373, 292,-126,364, 291,-122,402, 271,-51,341, 268,-39,436, 297,-94,310, 288,-59,422, 337,-122,317, 329,-65,420, 347,-140,317, 337,-85,416, 347,-136,321, 338,-78,415, 344,-123,322, 336,-67,393, 174,-3,355, 173,3,393, 114,52,353, 117,57,403, 61,152,349, 67,171,399, 54,158,352, 61,178,417, 36,83,340, 42,109,
368, 298,-149,371, 304,-136,373, 304,-136,375, 304,-136,365, 303,-133,363, 303,-134,361, 302,-134,380, 300,-75,358, 299,-62,373, 292,-128,364, 291,-124,402, 271,-53,341, 268,-40,433, 299,-93,313, 291,-71,421, 341,-117,317, 333,-87,419, 351,-134,317, 342,-109,415, 352,-132,321, 343,-103,414, 349,-119,322, 341,-89,393, 175,-3,355, 174,3,393, 114,44,354, 117,52,403, 61,138,349, 68,165,400, 54,142,352, 61,172,417, 36,63,340, 43,103,
368, 298,-175,371, 304,-161,373, 304,-161,375, 304,-161,365, 303,-159,363, 303,-159,361, 302,-159,380, 300,-97,359, 298,-89,373, 292,-152,364, 291,-150,402, 272,-78,342, 269,-65,428, 306,-104,316, 297,-86,419, 349,-137,317, 341,-112,418, 360,-156,316, 349,-135,413, 361,-155,321, 351,-131,412, 357,-140,322, 348,-115,393, 176,-3,355, 176,3,393, 115,48,353, 117,48,403, 61,150,349, 68,162,399, 54,155,352, 61,169,417, 36,74,340, 43,96,
368, 298,-170,372, 304,-156,374, 304,-156,376, 304,-156,366, 303,-155,364, 303,-155,362, 302,-155,380, 300,-92,359, 298,-85,373, 292,-148,365, 291,-146,402, 273,-74,342, 270,-65,427, 308,-104,317, 297,-91,418, 351,-134,317, 340,-121,418, 361,-154,315, 349,-146,412, 361,-155,320, 351,-142,411, 358,-138,322, 348,-125,393, 176,-3,355, 176,3,393, 115,48,354, 118,46,403, 61,150,349, 68,158,399, 53,155,352, 61,165,417, 38,75,340, 43,93,
368, 298,-165,372, 304,-151,374, 304,-151,376, 304,-151,366, 303,-149,364, 302,-149,362, 302,-149,380, 300,-89,359, 298,-79,373, 292,-144,365, 291,-141,403, 274,-70,343, 270,-63,427, 307,-101,317, 298,-81,418, 350,-124,317, 339,-103,418, 360,-143,315, 348,-127,412, 360,-145,320, 349,-123,411, 357,-128,322, 347,-107,393, 176,-3,355, 176,3,393, 115,48,354, 118,48,403, 61,150,349, 68,162,400, 53,155,352, 61,169,416, 38,77,340, 43,98,
368, 298,-146,372, 304,-132,374, 304,-131,376, 304,-131,366, 303,-130,364, 302,-130,362, 302,-130,380, 300,-69,359, 298,-60,373, 292,-125,365, 291,-123,403, 274,-57,343, 270,-44,428, 306,-88,316, 295,-67,419, 348,-113,317, 338,-88,418, 358,-132,315, 347,-112,413, 359,-134,320, 348,-108,412, 356,-117,322, 345,-92,394, 176,-3,355, 176,3,393, 115,43,354, 118,48,403, 61,143,349, 68,160,400, 53,149,353, 61,166,416, 38,71,339, 43,95,
368, 298,-128,371, 304,-114,374, 304,-113,376, 304,-113,366, 303,-111,364, 302,-111,362, 302,-111,380, 300,-52,359, 298,-40,373, 292,-108,365, 291,-104,402, 274,-42,343, 270,-22,428, 304,-75,316, 293,-44,419, 347,-101,317, 337,-65,418, 357,-120,315, 346,-88,413, 357,-121,320, 346,-84,412, 354,-105,322, 343,-69,394, 176,-4,356, 176,4,393, 114,38,354, 118,50,403, 61,133,349, 68,163,400, 52,138,353, 61,170,416, 38,61,339, 43,100,
368, 298,-125,371, 304,-110,373, 304,-110,376, 304,-110,366, 303,-108,364, 302,-108,362, 302,-108,380, 300,-47,359, 298,-36,372, 292,-104,365, 291,-101,402, 274,-37,342, 270,-17,429, 303,-76,315, 292,-34,419, 345,-112,317, 335,-48,419, 355,-133,315, 344,-70,413, 355,-133,320, 345,-66,412, 352,-116,321, 342,-52,394, 176,-5,356, 176,5,393, 114,39,354, 118,51,403, 61,135,349, 68,165,400, 52,141,353, 61,172,416, 38,64,339, 43,102,
368, 298,-133,371, 304,-119,373, 304,-119,375, 304,-119,365, 303,-117,363, 302,-117,361, 302,-117,380, 300,-57,359, 298,-46,372, 292,-112,364, 291,-109,402, 274,-42,342, 270,-23,432, 301,-89,313, 289,-40,420, 341,-143,315, 333,-58,419, 352,-166,313, 343,-80,414, 352,-165,318, 344,-75,413, 348,-147,320, 340,-61,395, 176,-6,356, 175,6,393, 114,40,354, 118,55,403, 61,137,349, 68,165,400, 52,142,353, 61,173,415, 38,65,339, 43,105,
368, 298,-150,371, 303,-138,373, 304,-138,375, 304,-138,365, 303,-135,363, 302,-135,361, 302,-135,380, 300,-75,358, 299,-62,372, 292,-127,364, 291,-124,402, 273,-54,341, 269,-28,437, 278,-133,309, 269,-115,426, 321,-213,314, 314,-220,424, 331,-235,314, 322,-247,420, 331,-228,318, 323,-234,419, 328,-213,320, 320,-219,395, 173,-6,356, 173,6,394, 114,42,354, 117,71,403, 61,137,349, 68,196,400, 52,142,353, 61,206,416, 37,72,339, 43,145,
368, 298,-152,371, 303,-142,373, 304,-142,375, 304,-142,365, 303,-138,363, 302,-138,361, 302,-138,380, 301,-79,358, 299,-65,372, 292,-130,364, 291,-126,402, 273,-55,341, 269,-34,439, 272,-147,309, 264,-136,428, 314,-242,314, 308,-259,426, 324,-266,314, 316,-289,422, 324,-258,318, 317,-275,421, 321,-242,320, 313,-259,395, 173,-5,356, 173,5,394, 114,42,353, 117,71,403, 61,135,349, 68,196,400, 52,140,353, 61,205,417, 37,70,339, 43,143,
368, 298,-152,371, 304,-142,373, 304,-142,375, 304,-142,365, 303,-138,363, 303,-138,360, 302,-138,380, 301,-81,358, 299,-65,373, 292,-130,364, 291,-126,402, 273,-56,341, 269,-34,440, 268,-139,309, 259,-121,429, 310,-225,314, 303,-240,427, 320,-247,314, 312,-269,423, 321,-240,318, 313,-256,422, 317,-225,320, 310,-240,395, 172,-5,356, 173,5,395, 113,33,353, 116,70,403, 59,120,349, 67,194,400, 51,124,352, 59,203,417, 36,55,339, 43,142,
368, 298,-159,371, 304,-150,373, 304,-150,375, 304,-150,365, 303,-146,362, 303,-146,360, 302,-146,380, 301,-89,357, 299,-73,373, 292,-137,364, 291,-133,402, 273,-60,341, 268,-41,439, 265,-147,309, 257,-135,430, 305,-241,313, 298,-261,428, 315,-263,314, 307,-290,424, 317,-255,318, 309,-278,423, 313,-240,320, 305,-261,395, 172,-5,356, 172,5,395, 113,34,352, 116,75,403, 59,121,349, 67,203,400, 51,126,352, 59,213,418, 36,56,339, 43,154,
368, 298,-160,371, 304,-151,373, 304,-151,376, 304,-151,365, 303,-147,362, 303,-147,360, 302,-147,380, 301,-91,357, 299,-74,373, 292,-138,364, 291,-133,402, 273,-60,341, 268,-41,439, 262,-140,309, 254,-124,430, 303,-230,313, 295,-246,428, 313,-251,314, 304,-274,424, 315,-243,318, 306,-262,423, 311,-229,320, 303,-246,395, 171,-5,356, 172,5,395, 112,34,352, 115,78,403, 58,122,349, 67,211,400, 50,127,352, 59,221,418, 35,58,339, 43,162,
368, 298,-167,371, 303,-158,373, 304,-158,376, 304,-158,365, 303,-154,362, 302,-154,360, 302,-154,380, 301,-98,357, 299,-79,373, 292,-144,364, 291,-139,402, 273,-64,341, 268,-42,439, 259,-145,309, 252,-127,431, 300,-240,313, 293,-254,428, 311,-262,314, 302,-283,424, 313,-254,318, 304,-271,423, 309,-239,320, 301,-254,394, 171,-5,356, 172,5,395, 111,26,352, 114,77,404, 57,122,349, 67,219,401, 50,128,352, 59,230,418, 34,56,339, 43,169,
368, 298,-172,371, 303,-163,373, 304,-163,376, 304,-163,365, 303,-160,362, 302,-160,360, 302,-160,380, 301,-101,357, 299,-85,374, 292,-149,364, 291,-144,402, 273,-65,341, 268,-51,439, 258,-150,310, 251,-143,431, 298,-253,313, 291,-277,429, 309,-277,314, 301,-307,425, 311,-269,318, 303,-297,424, 308,-253,319, 299,-278,394, 171,-5,356, 172,5,395, 111,27,352, 113,82,404, 57,122,349, 67,229,401, 51,128,352, 59,241,418, 34,54,339, 43,180,
368, 298,-175,371, 303,-166,374, 304,-166,376, 304,-166,365, 303,-163,363, 302,-163,360, 302,-163,380, 301,-103,357, 299,-88,374, 292,-151,365, 291,-147,402, 272,-65,341, 267,-51,439, 257,-146,310, 250,-139,431, 298,-243,313, 291,-270,429, 309,-266,314, 300,-299,424, 311,-258,318, 302,-289,424, 307,-243,319, 299,-270,394, 171,-5,356, 172,5,395, 111,34,352, 114,79,404, 59,133,349, 67,217,400, 52,139,352, 59,228,418, 35,67,339, 43,165,
368, 297,-174,372, 303,-166,374, 304,-166,376, 304,-166,365, 302,-162,363, 302,-162,360, 302,-162,380, 301,-103,357, 299,-87,374, 291,-151,365, 291,-146,402, 272,-65,341, 267,-49,439, 257,-145,310, 250,-133,431, 298,-241,313, 291,-261,429, 308,-264,314, 301,-290,425, 311,-256,318, 303,-279,424, 307,-241,319, 299,-261,394, 171,-5,356, 172,5,395, 110,31,352, 114,80,404, 59,127,349, 67,222,401, 52,133,352, 59,234,418, 35,60,339, 43,172,
368, 297,-176,372, 303,-167,374, 304,-167,376, 304,-167,365, 302,-163,363, 302,-163,360, 302,-163,380, 301,-103,357, 299,-88,374, 291,-152,365, 291,-147,402, 272,-66,341, 267,-51,439, 257,-149,310, 250,-138,431, 297,-250,313, 291,-268,429, 308,-273,314, 301,-297,425, 310,-264,318, 303,-286,424, 306,-249,319, 299,-268,394, 171,-5,356, 172,5,395, 110,31,352, 113,83,404, 58,126,349, 67,227,401, 52,131,352, 59,239,419, 35,58,339, 43,177,
368, 297,-174,372, 303,-165,374, 303,-165,376, 304,-165,365, 302,-161,363, 302,-161,361, 302,-161,380, 301,-101,357, 299,-87,374, 291,-150,365, 290,-146,402, 272,-65,341, 267,-51,439, 257,-148,310, 251,-139,431, 298,-249,313, 292,-268,429, 309,-272,314, 301,-297,424, 311,-263,318, 303,-286,424, 307,-248,319, 299,-268,394, 171,-5,356, 172,5,395, 110,32,352, 113,82,404, 59,131,349, 67,225,400, 53,137,352, 60,237,419, 35,66,339, 43,176,
368, 297,-173,372, 303,-163,374, 303,-163,376, 304,-163,365, 302,-160,363, 302,-160,361, 302,-160,380, 301,-100,357, 299,-86,374, 291,-149,365, 290,-145,402, 272,-65,341, 267,-50,439, 259,-146,310, 252,-135,431, 299,-242,314, 293,-259,429, 310,-264,314, 302,-287,424, 312,-256,318, 304,-276,423, 308,-241,319, 301,-259,394, 171,-5,356, 172,5,395, 110,33,352, 113,81,404, 59,131,349, 67,221,400, 53,137,352, 60,233,419, 35,65,339, 43,171,
368, 297,-157,372, 303,-144,374, 303,-144,376, 304,-144,365, 302,-142,363, 302,-142,361, 302,-142,380, 301,-78,358, 299,-68,374, 291,-133,365, 291,-130,402, 271,-54,341, 267,-43,439, 274,-137,308, 267,-121,429, 315,-222,314, 309,-205,427, 325,-247,314, 317,-232,422, 327,-239,319, 317,-221,422, 323,-222,320, 315,-205,394, 171,-4,356, 172,4,395, 111,45,352, 113,68,404, 59,145,349, 67,192,400, 53,151,352, 60,201,418, 36,77,339, 43,133,
368, 297,-155,372, 303,-141,374, 304,-141,376, 304,-141,365, 303,-140,363, 302,-140,361, 302,-140,380, 301,-71,358, 299,-67,374, 291,-131,365, 291,-129,402, 271,-50,341, 267,-47,439, 283,-135,308, 273,-130,428, 323,-218,314, 316,-211,425, 333,-243,315, 324,-239,421, 334,-236,319, 325,-228,420, 330,-219,320, 322,-212,394, 172,-2,356, 172,2,395, 111,51,352, 114,69,404, 60,151,349, 67,197,400, 53,157,352, 60,206,418, 36,81,339, 43,138,
368, 298,-155,372, 304,-141,374, 304,-141,376, 304,-141,365, 303,-140,363, 303,-140,361, 302,-140,380, 301,-75,358, 299,-68,374, 292,-131,365, 291,-130,402, 271,-50,341, 267,-47,439, 290,-96,308, 281,-96,426, 331,-136,314, 324,-133,424, 340,-155,315, 332,-156,419, 340,-150,319, 333,-147,419, 337,-137,320, 330,-134,394, 172,-2,356, 172,1,395, 111,60,352, 114,58,403, 61,168,349, 67,176,399, 54,175,352, 59,184,418, 36,101,340, 43,114,
368, 298,-154,372, 304,-141,374, 304,-141,376, 304,-141,365, 303,-138,363, 303,-138,361, 302,-138,380, 301,-77,358, 299,-66,374, 292,-132,365, 291,-129,402, 271,-52,341, 268,-44,438, 294,-89,309, 285,-65,425, 336,-120,315, 327,-77,423, 346,-137,315, 336,-97,419, 346,-134,319, 337,-89,418, 343,-121,320, 334,-78,394, 173,-2,356, 172,2,395, 112,57,353, 114,50,403, 61,167,349, 67,163,399, 54,174,352, 60,171,418, 38,100,340, 43,99,
368, 298,-148,371, 304,-135,374, 304,-135,376, 304,-135,365, 303,-131,363, 303,-131,361, 302,-131,380, 301,-75,358, 299,-58,373, 292,-127,365, 291,-122,403, 271,-53,341, 268,-36,436, 299,-92,312, 289,-50,423, 340,-121,316, 331,-59,422, 351,-139,315, 340,-79,418, 351,-136,320, 341,-72,417, 348,-123,321, 338,-61,394, 174,-3,356, 173,3,395, 112,53,353, 115,51,403, 62,160,349, 67,166,399, 55,166,352, 60,174,417, 37,94,340, 43,103,
368, 299,-153,371, 304,-138,374, 304,-138,376, 304,-138,365, 303,-135,363, 303,-135,361, 302,-135,380, 301,-80,358, 299,-66,373, 293,-133,365, 292,-130,403, 272,-63,342, 269,-47,433, 303,-100,314, 293,-73,422, 345,-129,317, 335,-94,422, 355,-147,315, 343,-116,417, 355,-147,320, 344,-111,416, 352,-131,322, 342,-97,394, 175,-3,356, 175,3,394, 113,52,353, 115,49,403, 62,150,349, 67,159,399, 55,155,352, 60,166,417, 37,76,340, 43,95,
369, 299,-160,372, 304,-145,374, 304,-145,376, 304,-145,366, 303,-144,364, 303,-144,362, 302,-144,380, 301,-83,359, 299,-77,373, 292,-139,365, 291,-137,403, 273,-66,342, 269,-59,429, 304,-94,315, 296,-84,422, 347,-117,317, 338,-111,422, 357,-135,315, 346,-134,417, 357,-136,320, 347,-128,416, 355,-120,322, 345,-114,394, 176,-3,356, 176,3,394, 114,53,353, 117,39,402, 62,155,349, 67,140,398, 55,160,352, 60,145,417, 38,87,340, 43,75,
369, 299,-178,372, 304,-164,374, 304,-164,376, 304,-164,366, 303,-163,364, 303,-163,362, 302,-163,381, 301,-101,359, 299,-95,374, 292,-156,365, 291,-155,403, 273,-84,342, 270,-76,428, 307,-108,317, 299,-102,421, 350,-140,317, 341,-128,421, 360,-159,315, 349,-152,415, 360,-159,320, 351,-147,414, 358,-143,322, 349,-131,394, 177,-3,356, 177,3,394, 116,55,354, 119,38,402, 63,161,349, 68,145,398, 55,167,352, 60,152,417, 39,91,340, 43,79,
369, 299,-173,372, 304,-157,374, 304,-157,376, 304,-157,366, 304,-157,364, 303,-157,362, 303,-157,381, 301,-95,359, 299,-90,374, 293,-153,365, 291,-154,403, 275,-76,343, 271,-66,428, 307,-100,317, 299,-94,421, 349,-125,318, 340,-112,421, 359,-144,315, 349,-134,416, 359,-145,320, 350,-130,414, 357,-129,322, 347,-115,395, 177,-3,356, 177,2,394, 116,54,354, 120,32,402, 63,159,349, 68,133,398, 55,165,352, 61,138,417, 39,91,340, 43,66,
369, 299,-180,372, 304,-167,374, 304,-167,376, 304,-167,366, 303,-165,364, 303,-165,362, 302,-165,381, 301,-105,359, 299,-95,374, 293,-159,365, 291,-157,403, 275,-86,343, 271,-74,429, 305,-116,317, 296,-102,421, 348,-137,318, 339,-126,421, 358,-156,315, 347,-149,416, 358,-149,320, 349,-141,415, 356,-136,322, 346,-128,395, 177,-3,356, 178,3,394, 117,55,354, 121,35,402, 63,164,349, 68,138,398, 54,170,352, 61,144,416, 40,95,340, 44,71,
369, 299,-160,372, 304,-146,374, 304,-146,376, 304,-146,366, 303,-144,364, 303,-144,362, 302,-144,381, 301,-84,359, 299,-74,374, 292,-139,365, 291,-136,403, 275,-69,343, 271,-57,429, 304,-94,317, 295,-82,422, 346,-119,318, 338,-105,421, 356,-137,315, 347,-128,416, 356,-138,320, 348,-124,415, 353,-122,322, 345,-109,395, 177,-3,356, 177,3,394, 116,55,354, 120,39,402, 63,163,349, 68,145,398, 54,169,353, 61,151,416, 40,96,340, 44,79,
369, 299,-135,372, 304,-121,374, 304,-121,376, 304,-121,366, 303,-118,364, 303,-118,362, 302,-118,381, 301,-61,359, 299,-47,373, 292,-115,365, 291,-111,403, 275,-49,343, 271,-28,431, 302,-84,315, 294,-51,422, 344,-119,317, 336,-72,422, 355,-139,315, 345,-94,416, 355,-140,320, 346,-90,415, 353,-123,322, 343,-76,395, 177,-4,356, 177,4,394, 116,52,354, 120,40,402, 62,156,349, 68,137,398, 54,163,353, 61,142,416, 40,91,340, 44,72,
368, 299,-139,371, 304,-125,374, 304,-125,376, 304,-125,366, 303,-123,364, 303,-123,361, 302,-123,380, 301,-64,359, 299,-52,373, 292,-118,365, 291,-115,403, 275,-49,343, 270,-29,434, 300,-89,313, 289,-50,422, 341,-128,315, 335,-68,422, 352,-148,313, 345,-89,417, 353,-147,318, 345,-84,416, 349,-131,320, 342,-71,395, 177,-4,356, 176,4,394, 115,52,354, 120,41,402, 62,157,349, 68,143,398, 54,163,353, 61,149,416, 39,92,340, 43,79,
368, 299,-138,371, 304,-124,374, 304,-124,376, 304,-124,366, 303,-122,364, 303,-122,361, 302,-122,380, 301,-60,359, 299,-51,373, 292,-116,365, 291,-113,403, 274,-44,343, 269,-26,437, 295,-91,310, 286,-49,423, 336,-135,313, 329,-70,422, 347,-158,312, 339,-91,418, 348,-156,317, 339,-85,417, 343,-138,318, 335,-72,396, 176,-4,356, 175,4,394, 115,56,354, 118,43,402, 62,166,349, 68,145,398, 54,172,353, 60,151,416, 39,102,340, 43,80,
368, 299,-140,371, 304,-126,374, 304,-126,376, 304,-126,365, 303,-125,363, 303,-125,361, 302,-125,380, 301,-59,359, 299,-53,373, 292,-117,365, 291,-115,403, 273,-42,342, 268,-32,439, 289,-99,309, 279,-93,424, 330,-160,313, 323,-154,423, 341,-183,312, 332,-180,418, 342,-178,317, 333,-172,418, 338,-162,318, 330,-156,396, 174,-2,357, 173,2,394, 114,63,354, 118,56,402, 62,174,349, 68,172,398, 54,181,353, 60,180,416, 39,111,339, 43,112,
368, 298,-158,371, 303,-150,374, 304,-150,376, 304,-150,365, 303,-146,363, 302,-146,361, 302,-146,380, 301,-90,358, 299,-72,373, 292,-136,365, 291,-130,403, 273,-55,342, 268,-36,439, 269,-134,310, 259,-126,430, 311,-220,312, 302,-246,428, 321,-242,312, 311,-274,424, 323,-235,317, 313,-262,423, 319,-220,318, 310,-246,396, 173,-3,357, 173,3,395, 114,59,354, 117,62,402, 62,160,349, 68,177,398, 54,167,353, 60,186,416, 39,110,340, 43,124,
368, 298,-168,371, 303,-160,374, 304,-160,376, 304,-160,365, 303,-156,363, 302,-156,361, 302,-156,381, 301,-100,358, 299,-82,373, 292,-145,365, 291,-140,403, 273,-63,342, 268,-42,439, 263,-139,310, 254,-130,433, 306,-226,313, 296,-253,431, 317,-247,312, 306,-281,426, 319,-240,317, 308,-270,425, 315,-226,318, 304,-254,396, 173,-3,357, 173,3,395, 114,53,354, 117,67,402, 62,149,349, 68,187,398, 54,155,353, 60,196,417, 39,93,340, 43,136,
368, 298,-165,371, 304,-157,374, 304,-157,376, 304,-157,365, 303,-153,363, 302,-153,361, 302,-153,381, 301,-96,358, 299,-78,374, 292,-143,365, 291,-138,403, 273,-62,342, 268,-40,439, 261,-134,310, 252,-120,433, 303,-219,313, 293,-243,431, 314,-240,312, 303,-271,427, 315,-233,317, 305,-260,426, 312,-219,318, 301,-243,396, 172,-4,357, 172,4,395, 114,38,353, 115,73,402, 61,134,349, 68,205,398, 54,140,352, 60,216,417, 38,73,340, 43,156,
368, 298,-163,372, 303,-155,374, 304,-155,376, 304,-155,365, 303,-151,363, 302,-151,361, 302,-151,381, 301,-94,358, 299,-77,374, 292,-141,365, 290,-136,403, 273,-58,342, 268,-38,439, 258,-127,310, 250,-114,434, 300,-210,312, 289,-236,432, 311,-232,312, 300,-264,428, 313,-225,316, 302,-254,427, 309,-211,318, 299,-237,395, 171,-4,357, 172,4,395, 114,41,353, 115,69,402, 61,139,349, 68,190,398, 54,145,352, 60,199,417, 38,78,340, 43,138,
368, 297,-169,372, 303,-161,374, 303,-161,377, 303,-161,365, 302,-157,363, 302,-157,361, 302,-157,381, 301,-99,358, 299,-82,374, 291,-145,365, 290,-141,403, 273,-60,342, 268,-40,439, 255,-134,310, 249,-122,434, 297,-228,312, 289,-251,432, 308,-250,312, 299,-280,429, 311,-244,316, 301,-270,427, 307,-228,318, 298,-252,395, 171,-4,357, 172,4,395, 113,30,353, 114,75,403, 60,124,349, 68,213,399, 53,130,352, 60,224,417, 37,60,340, 43,164,
368, 297,-173,372, 303,-166,374, 303,-166,377, 303,-166,365, 302,-161,363, 302,-161,361, 302,-161,381, 301,-107,358, 299,-84,374, 291,-151,365, 290,-144,403, 273,-69,342, 268,-40,439, 254,-146,311, 249,-116,434, 296,-241,312, 288,-235,432, 307,-263,312, 298,-262,429, 309,-256,317, 300,-252,427, 305,-241,318, 297,-236,395, 171,-5,357, 172,5,395, 113,35,353, 114,71,403, 61,132,349, 68,199,399, 54,139,352, 60,209,417, 38,69,340, 43,147,
368, 297,-179,372, 303,-172,374, 303,-172,377, 303,-172,365, 302,-167,363, 302,-167,361, 302,-167,381, 301,-112,358, 299,-90,374, 291,-157,365, 290,-150,403, 272,-73,342, 267,-46,440, 253,-155,311, 249,-123,434, 295,-255,312, 288,-249,432, 306,-277,312, 298,-276,429, 309,-270,317, 300,-266,427, 305,-255,318, 297,-249,395, 171,-5,357, 172,5,395, 113,44,353, 114,70,402, 62,153,349, 68,196,399, 55,160,353, 60,206,417, 39,93,340, 43,143,
368, 297,-175,372, 303,-166,374, 303,-166,377, 303,-166,365, 302,-162,363, 302,-162,361, 302,-162,381, 301,-106,358, 299,-87,374, 291,-152,365, 290,-147,403, 272,-68,342, 267,-42,440, 254,-145,311, 249,-118,434, 295,-245,312, 288,-245,432, 305,-268,312, 298,-273,429, 308,-261,317, 300,-264,427, 304,-245,318, 297,-246,395, 171,-5,357, 172,5,395, 112,33,352, 114,71,403, 61,131,349, 68,207,399, 54,137,353, 60,218,418, 38,65,340, 43,155,
368, 297,-172,372, 303,-163,375, 303,-163,377, 303,-163,365, 302,-159,363, 302,-159,361, 302,-159,381, 301,-103,358, 299,-85,374, 291,-150,365, 290,-145,403, 272,-65,342, 267,-43,440, 253,-141,311, 249,-122,434, 295,-240,313, 288,-251,432, 305,-263,312, 298,-279,429, 308,-256,317, 300,-270,427, 304,-240,318, 297,-252,395, 171,-5,357, 172,5,395, 111,31,352, 114,73,403, 61,129,349, 67,209,399, 54,134,353, 60,220,418, 37,63,340, 43,158,
368, 297,-173,372, 303,-165,375, 303,-165,377, 303,-165,365, 302,-161,363, 302,-161,361, 302,-161,381, 301,-104,358, 299,-86,374, 291,-150,365, 290,-145,403, 272,-66,342, 267,-45,440, 254,-147,311, 250,-126,435, 296,-248,313, 289,-257,432, 307,-271,313, 299,-286,429, 309,-263,317, 301,-277,428, 306,-248,318, 298,-259,395, 171,-5,357, 172,5,395, 111,31,352, 114,74,403, 61,131,349, 67,213,399, 54,137,353, 60,225,418, 37,66,340, 43,163,
368, 297,-170,372, 303,-163,375, 303,-163,377, 303,-163,365, 302,-158,363, 302,-158,361, 302,-158,381, 301,-104,358, 299,-81,374, 291,-148,365, 290,-141,403, 272,-66,342, 267,-38,440, 255,-147,311, 251,-118,435, 298,-249,313, 290,-244,433, 308,-271,313, 300,-272,429, 311,-264,317, 302,-263,428, 307,-249,318, 299,-245,395, 171,-6,357, 171,6,396, 111,22,352, 114,80,404, 60,115,349, 67,225,400, 53,121,353, 60,237,418, 34,47,340, 43,176,
368, 297,-149,372, 303,-137,375, 303,-137,377, 304,-137,365, 302,-134,363, 302,-134,361, 302,-134,381, 301,-76,358, 299,-59,374, 291,-127,365, 290,-123,403, 271,-53,342, 267,-29,441, 273,-115,310, 265,-85,433, 316,-181,313, 307,-161,431, 325,-202,313, 315,-187,427, 327,-198,318, 315,-177,426, 323,-182,319, 313,-162,395, 171,-6,357, 171,6,395, 111,24,352, 114,72,403, 60,123,349, 67,197,400, 53,129,353, 60,205,418, 34,55,340, 43,139,
369, 298,-145,372, 304,-131,375, 304,-131,377, 304,-131,366, 303,-129,364, 303,-129,361, 302,-129,381, 301,-66,358, 299,-57,375, 292,-122,365, 291,-120,403, 270,-46,342, 267,-31,440, 282,-95,308, 271,-77,431, 325,-143,313, 317,-121,430, 334,-163,314, 324,-145,425, 335,-159,318, 325,-135,425, 331,-145,319, 323,-122,394, 171,-5,357, 171,5,395, 111,33,352, 114,72,404, 59,128,349, 67,201,400, 53,133,353, 60,210,418, 34,59,340, 43,141,
369, 298,-145,372, 304,-131,375, 304,-131,377, 304,-131,366, 303,-129,364, 303,-129,362, 303,-129,381, 301,-66,358, 299,-58,374, 292,-122,365, 291,-120,403, 270,-42,342, 267,-32,440, 288,-80,308, 278,-77,431, 331,-121,314, 323,-110,429, 340,-139,314, 331,-132,424, 340,-136,318, 332,-123,424, 337,-123,319, 329,-111,394, 172,-3,357, 171,3,395, 111,45,352, 114,61,404, 59,155,349, 67,190,400, 53,162,353, 60,200,418, 34,88,340, 43,130,
369, 299,-146,372, 305,-132,375, 305,-132,377, 305,-132,366, 304,-130,364, 303,-130,362, 303,-130,381, 301,-70,359, 299,-59,374, 293,-124,365, 292,-121,403, 271,-46,342, 267,-35,439, 293,-84,309, 284,-68,430, 335,-118,314, 327,-85,428, 345,-135,314, 335,-106,423, 345,-133,319, 336,-98,423, 342,-120,320, 334,-86,394, 172,-3,357, 172,3,395, 111,44,353, 114,60,404, 59,151,349, 67,189,400, 53,158,353, 60,198,418, 34,83,340, 43,128,
369, 299,-146,372, 305,-135,375, 305,-135,377, 305,-135,366, 304,-132,364, 303,-132,362, 303,-132,381, 301,-71,359, 299,-63,374, 293,-127,365, 292,-125,403, 271,-57,342, 268,-43,437, 298,-95,312, 289,-64,428, 339,-129,315, 331,-72,427, 350,-147,314, 340,-91,422, 350,-146,319, 341,-84,421, 347,-132,320, 338,-73,394, 174,-3,357, 173,3,395, 113,57,353, 116,55,403, 61,168,349, 68,169,400, 54,175,353, 60,176,417, 37,100,340, 43,106,
369, 299,-174,372, 305,-161,375, 305,-161,377, 305,-161,366, 304,-159,364, 303,-159,362, 303,-159,381, 301,-98,359, 299,-89,374, 293,-152,365, 292,-150,403, 271,-75,342, 269,-67,434, 301,-100,314, 293,-88,426, 344,-127,315, 335,-114,425, 354,-143,314, 344,-135,421, 355,-143,319, 345,-130,419, 352,-129,320, 342,-116,395, 175,-3,357, 175,3,395, 114,60,354, 117,38,402, 63,170,349, 68,139,399, 55,177,353, 61,145,416, 39,101,340, 43,72,
369, 300,-185,373, 305,-171,375, 305,-171,377, 305,-171,367, 304,-171,365, 304,-171,363, 303,-171,381, 301,-105,360, 299,-102,374, 293,-162,365, 292,-161,403, 272,-80,342, 269,-81,431, 304,-103,316, 297,-112,424, 348,-131,316, 339,-127,425, 358,-148,314, 347,-151,420, 358,-150,319, 348,-137,418, 355,-134,321, 346,-124,395, 176,-3,357, 176,3,395, 114,56,354, 117,41,402, 63,161,349, 68,146,399, 54,168,353, 60,152,416, 39,94,340, 43,80,
370, 300,-189,373, 305,-175,375, 305,-175,377, 305,-175,367, 304,-175,365, 304,-175,363, 303,-175,381, 301,-109,360, 299,-106,374, 293,-166,366, 292,-165,403, 273,-85,343, 270,-85,429, 307,-105,318, 299,-117,424, 350,-138,317, 340,-135,424, 360,-156,314, 348,-160,419, 361,-159,319, 350,-160,417, 358,-142,321, 348,-139,395, 177,-2,357, 178,2,395, 115,56,355, 119,41,402, 63,161,349, 68,146,399, 54,167,353, 60,152,416, 39,91,340, 43,79,
370, 300,-181,373, 305,-168,375, 305,-168,377, 305,-168,367, 304,-167,365, 303,-167,363, 303,-167,381, 301,-103,360, 299,-98,374, 293,-158,366, 292,-157,403, 275,-79,343, 271,-77,430, 305,-105,318, 298,-110,424, 348,-135,317, 338,-135,424, 358,-153,315, 347,-159,419, 359,-156,319, 348,-158,418, 356,-139,321, 345,-139,395, 178,-2,357, 178,2,394, 117,55,355, 121,37,402, 63,160,349, 68,138,399, 54,166,353, 60,144,416, 39,91,340, 44,72,
370, 300,-179,373, 305,-165,375, 305,-165,377, 305,-165,367, 304,-164,365, 304,-164,363, 303,-164,381, 301,-101,360, 299,-95,374, 294,-156,366, 292,-155,403, 274,-76,343, 271,-77,430, 305,-98,317, 297,-112,424, 348,-123,317, 338,-138,424, 357,-140,315, 347,-161,419, 358,-142,319, 348,-159,418, 355,-126,321, 345,-141,396, 178,-2,357, 178,2,394, 117,60,355, 121,40,402, 63,169,349, 68,143,399, 54,175,353, 60,149,416, 40,100,340, 44,77,
370, 300,-153,373, 305,-139,375, 305,-139,377, 305,-139,367, 304,-137,365, 304,-137,363, 303,-137,381, 301,-76,360, 299,-67,374, 294,-132,366, 292,-130,403, 274,-58,343, 270,-52,431, 303,-80,317, 294,-82,424, 345,-102,317, 336,-106,424, 355,-119,314, 345,-129,419, 356,-120,319, 346,-125,418, 353,-106,321, 343,-110,396, 178,-2,357, 177,2,394, 117,59,355, 120,41,402, 63,167,349, 68,145,399, 54,173,353, 60,151,416, 39,100,340, 44,79,
369, 300,-133,373, 305,-118,375, 305,-118,377, 305,-118,367, 304,-116,365, 304,-116,363, 303,-116,381, 301,-56,360, 299,-45,374, 294,-112,366, 292,-109,403, 274,-42,343, 270,-26,434, 301,-74,315, 293,-50,425, 344,-106,316, 334,-76,425, 354,-125,314, 343,-99,420, 355,-126,319, 344,-95,418, 352,-110,321, 341,-80,396, 178,-3,357, 177,3,394, 117,46,355, 119,42,402, 63,142,349, 68,145,398, 54,147,353, 60,151,416, 39,73,340, 43,82,
369, 300,-135,373, 305,-120,375, 305,-120,377, 305,-120,367, 304,-118,365, 304,-118,363, 303,-118,381, 301,-56,360, 299,-45,374, 294,-113,366, 292,-110,404, 274,-44,343, 270,-21,437, 298,-80,313, 290,-41,426, 339,-144,315, 333,-65,426, 350,-168,314, 341,-87,421, 351,-169,318, 342,-83,420, 348,-148,320, 339,-68,396, 176,-4,357, 176,4,394, 116,46,355, 118,48,402, 62,146,349, 68,154,398, 54,152,353, 60,161,416, 39,78,340, 43,90,
369, 300,-140,373, 305,-125,375, 305,-125,377, 305,-125,367, 304,-124,365, 304,-124,363, 303,-124,381, 301,-59,360, 299,-51,374, 293,-117,366, 292,-115,404, 273,-46,343, 269,-33,438, 290,-129,312, 283,-109,428, 332,-218,315, 327,-188,427, 342,-246,313, 335,-217,422, 344,-244,318, 336,-209,421, 340,-222,319, 333,-190,396, 175,-4,357, 174,4,394, 116,50,355, 118,64,402, 61,148,349, 67,181,398, 54,154,353, 60,189,416, 39,81,340, 43,122,
369, 299,-139,373, 304,-126,375, 304,-126,377, 304,-126,367, 303,-124,365, 303,-124,363, 303,-124,381, 301,-61,360, 299,-52,374, 293,-117,366, 292,-114,404, 272,-42,343, 268,-29,440, 284,-98,311, 276,-100,430, 327,-160,314, 321,-155,428, 337,-181,313, 329,-181,424, 338,-178,318, 329,-173,423, 335,-162,319, 327,-157,396, 174,-3,357, 173,3,394, 115,48,355, 118,60,402, 61,144,349, 67,174,399, 53,150,353, 59,181,417, 39,79,340, 43,114,
369, 299,-151,373, 304,-142,375, 304,-142,377, 304,-142,367, 303,-138,365, 303,-138,363, 303,-138,381, 301,-83,360, 299,-64,374, 293,-129,366, 291,-122,404, 272,-49,343, 268,-33,440, 264,-129,311, 259,-114,432, 308,-217,314, 301,-232,431, 318,-239,313, 310,-259,427, 320,-233,318, 312,-248,426, 316,-218,319, 308,-232,396, 172,-4,357, 173,4,395, 114,48,354, 118,62,402, 61,146,349, 67,178,399, 53,152,353, 59,187,417, 39,82,340, 43,125,
370, 299,-156,373, 304,-148,375, 304,-148,378, 304,-148,367, 303,-144,365, 303,-144,363, 303,-144,382, 301,-86,360, 299,-70,375, 292,-133,366, 291,-128,404, 272,-50,343, 268,-34,440, 259,-131,311, 254,-125,434, 302,-227,313, 295,-253,432, 312,-249,313, 305,-282,429, 315,-243,317, 307,-272,427, 311,-227,318, 304,-254,396, 172,-3,357, 172,3,395, 112,40,354, 117,70,402, 60,133,349, 67,200,399, 52,139,352, 59,210,417, 37,70,340, 43,149,
370, 298,-158,373, 304,-150,375, 304,-150,378, 304,-150,367, 303,-146,365, 303,-146,363, 302,-146,382, 301,-89,360, 299,-71,375, 292,-135,366, 291,-130,404, 272,-50,343, 268,-36,440, 256,-134,311, 252,-120,436, 298,-235,313, 293,-248,434, 309,-259,313, 303,-277,430, 311,-252,317, 305,-268,429, 308,-236,318, 301,-250,396, 171,-4,357, 172,4,395, 110,30,353, 115,71,403, 59,120,349, 67,205,400, 51,126,352, 59,216,418, 36,54,340, 43,154,
370, 298,-165,373, 303,-158,375, 304,-158,378, 304,-158,367, 303,-153,365, 302,-153,363, 302,-153,382, 301,-97,360, 299,-77,375, 292,-142,366, 290,-136,404, 272,-58,343, 268,-37,440, 254,-139,311, 252,-115,436, 296,-240,313, 291,-242,434, 306,-262,313, 301,-270,430, 309,-256,317, 303,-261,429, 306,-240,318, 300,-243,395, 171,-4,357, 172,4,395, 111,32,353, 115,73,403, 59,122,349, 67,204,400, 52,128,352, 60,214,418, 36,57,340, 43,153,
370, 297,-166,373, 303,-158,376, 303,-158,378, 304,-158,367, 302,-153,365, 302,-153,363, 302,-153,382, 301,-97,360, 299,-77,375, 291,-142,366, 290,-137,404, 272,-58,344, 268,-37,440, 253,-136,312, 250,-115,436, 295,-237,313, 290,-240,434, 305,-259,313, 300,-268,431, 308,-252,317, 302,-259,430, 304,-237,318, 298,-241,395, 171,-4,357, 172,4,395, 111,32,353, 115,72,403, 60,124,349, 67,204,400, 52,130,352, 60,214,418, 36,58,340, 43,151,
370, 297,-171,373, 303,-164,376, 303,-164,378, 303,-164,367, 302,-160,365, 302,-160,363, 301,-160,382, 301,-104,360, 299,-84,375, 291,-148,366, 290,-142,404, 272,-62,344, 268,-41,440, 252,-142,312, 250,-120,437, 294,-247,313, 289,-251,435, 304,-270,313, 299,-280,431, 307,-263,317, 301,-271,430, 303,-247,318, 298,-252,395, 171,-5,357, 172,5,395, 111,27,352, 115,71,403, 59,118,349, 67,204,400, 52,123,352, 60,215,418, 36,51,340, 43,153,
370, 297,-169,373, 303,-162,376, 303,-162,378, 303,-162,367, 302,-160,365, 302,-160,363, 301,-159,382, 301,-99,360, 299,-80,375, 291,-145,366, 290,-138,404, 272,-57,344, 268,-35,440, 252,-135,313, 251,-120,437, 294,-234,313, 289,-236,435, 304,-257,313, 300,-265,431, 307,-250,317, 302,-255,430, 303,-235,318, 298,-237,395, 171,-5,357, 173,5,395, 111,20,352, 115,72,404, 57,105,349, 67,206,406, 51,109,352, 60,216,418, 33,34,340, 43,153,
370, 297,-162,373, 303,-156,376, 303,-156,378, 303,-156,367, 302,-151,365, 302,-151,363, 301,-151,382, 301,-98,360, 299,-72,375, 291,-139,366, 290,-132,404, 272,-55,344, 268,-31,440, 253,-133,313, 251,-115,437, 295,-231,313, 289,-234,435, 305,-253,313, 300,-262,432, 308,-246,317, 302,-252,431, 305,-231,318, 298,-234,395, 171,-5,357, 173,6,395, 111,16,352, 115,72,404, 57,102,349, 67,208,405, 50,107,352, 60,219,419, 32,33,340, 43,157,
370, 297,-164,373, 303,-157,376, 303,-157,378, 303,-157,367, 302,-153,365, 302,-153,363, 301,-153,382, 301,-97,360, 299,-76,375, 291,-141,366, 290,-135,404, 272,-57,344, 268,-35,440, 254,-136,313, 252,-117,438, 297,-237,313, 291,-243,435, 307,-259,313, 301,-271,432, 310,-253,317, 303,-261,431, 306,-237,318, 300,-243,395, 171,-6,357, 173,6,395, 111,16,352, 115,75,405, 56,105,349, 67,214,405, 50,110,353, 60,225,419, 31,35,340, 43,163,
370, 297,-158,373, 303,-149,376, 303,-149,378, 303,-149,367, 302,-146,365, 302,-146,363, 301,-146,382, 301,-88,360, 299,-69,375, 291,-135,366, 291,-130,404, 272,-50,344, 268,-33,440, 256,-129,312, 253,-115,438, 298,-233,313, 292,-237,436, 308,-256,314, 302,-265,432, 311,-252,318, 304,-255,431, 308,-234,319, 301,-237,394, 171,-6,357, 173,6,395, 111,17,352, 115,73,405, 57,109,349, 67,212,404, 50,114,353, 60,224,419, 32,39,340, 43,160,
370, 297,-153,373, 303,-143,376, 303,-143,378, 303,-143,367, 302,-139,365, 302,-139,363, 302,-139,382, 301,-80,360, 299,-63,376, 291,-130,366, 291,-125,404, 272,-47,343, 268,-29,440, 258,-122,312, 255,-107,437, 300,-214,314, 297,-220,436, 310,-235,315, 306,-249,432, 312,-229,319, 308,-236,431, 309,-214,320, 304,-220,394, 171,-6,357, 172,6,395, 111,18,352, 114,69,405, 57,112,349, 67,210,404, 50,117,353, 60,221,419, 32,43,340, 43,158,
370, 296,-152,373, 303,-142,376, 303,-142,378, 303,-142,367, 302,-138,365, 302,-138,363, 301,-138,382, 301,-79,360, 299,-63,376, 291,-130,366, 290,-125,404, 272,-47,343, 267,-28,440, 265,-120,311, 259,-102,436, 308,-208,314, 302,-215,435, 318,-231,315, 311,-244,431, 320,-225,319, 312,-232,430, 317,-209,320, 309,-215,394, 171,-6,357, 172,6,395, 111,16,352, 114,67,405, 57,107,349, 67,204,403, 50,112,353, 60,213,419, 32,35,340, 43,149,
370, 297,-155,373, 303,-143,375, 303,-143,378, 303,-143,367, 302,-139,365, 302,-139,363, 302,-139,382, 301,-80,360, 299,-66,375, 291,-132,366, 291,-130,404, 271,-48,343, 268,-45,440, 289,-92,311, 281,-95,433, 332,-129,315, 324,-136,432, 343,-146,315, 332,-161,427, 343,-145,320, 334,-151,426, 340,-131,321, 331,-138,394, 172,-3,356, 172,3,395, 111,35,352, 114,55,405, 57,146,349, 67,190,403, 50,153,353, 60,200,418, 33,76,340, 43,129,
369, 298,-148,373, 304,-134,375, 304,-134,377, 304,-134,367, 303,-131,365, 302,-131,363, 302,-131,381, 301,-74,360, 299,-59,374, 292,-127,365, 291,-123,404, 271,-49,343, 269,-43,437, 297,-88,313, 288,-73,430, 339,-117,317, 331,-95,430, 349,-134,316, 340,-118,425, 350,-133,321, 341,-109,423, 347,-119,322, 338,-97,394, 173,-2,356, 173,2,395, 111,34,352, 114,50,404, 57,140,349, 67,178,402, 51,147,353, 60,187,418, 33,70,340, 43,116,
369, 299,-152,373, 304,-135,375, 304,-135,377, 304,-135,367, 303,-134,365, 302,-134,363, 302,-134,381, 301,-75,360, 299,-66,374, 293,-132,365, 292,-129,404, 272,-58,343, 269,-53,434, 300,-88,316, 294,-83,427, 344,-114,318, 335,-110,427, 354,-131,316, 343,-134,423, 355,-133,321, 345,-129,421, 352,-118,323, 343,-113,394, 175,-2,356, 174,2,394, 112,43,353, 117,49,404, 58,140,349, 67,164,401, 51,146,353, 60,172,417, 34,67,340, 43,100,
369, 299,-174,373, 304,-159,375, 304,-159,377, 304,-159,367, 303,-159,365, 303,-159,363, 302,-159,381, 301,-94,360, 299,-91,374, 293,-152,365, 292,-151,404, 272,-71,343, 270,-75,431, 304,-94,317, 298,-103,426, 348,-119,318, 340,-134,427, 357,-137,316, 348,-158,422, 358,-139,321, 349,-153,420, 355,-123,323, 347,-137,394, 175,0,356, 175,0,394, 112,60,353, 117,37,403, 60,167,349, 67,144,401, 53,173,353, 60,150,417, 37,97,340, 43,75,
369, 299,-180,373, 304,-166,375, 304,-166,377, 304,-166,367, 304,-166,365, 303,-166,363, 303,-166,381, 301,-101,360, 299,-98,374, 293,-158,366, 292,-157,404, 273,-75,343, 271,-82,429, 305,-96,318, 299,-114,426, 349,-120,319, 341,-141,426, 359,-137,316, 349,-164,421, 360,-139,321, 350,-160,420, 357,-124,323, 348,-144,394, 176,0,356, 176,-1,394, 115,63,353, 118,29,403, 63,171,349, 68,135,400, 54,178,353, 61,141,417, 40,103,340, 44,67,
369, 299,-169,373, 304,-153,375, 304,-153,377, 304,-153,367, 304,-153,365, 303,-153,363, 303,-153,381, 301,-87,360, 299,-87,374, 293,-147,366, 292,-147,404, 274,-73,343, 272,-69,428, 307,-88,319, 300,-89,425, 350,-111,319, 341,-110,426, 360,-128,316, 350,-133,421, 360,-132,321, 351,-131,419, 358,-115,323, 349,-114,394, 176,0,356, 176,0,394, 115,58,354, 119,38,403, 63,153,349, 68,155,400, 53,157,353, 61,163,416, 39,76,340, 44,92,
369, 300,-168,373, 305,-153,375, 305,-153,377, 305,-153,367, 304,-152,365, 304,-152,363, 303,-152,381, 301,-87,361, 299,-84,374, 294,-145,366, 293,-144,404, 275,-72,344, 272,-65,428, 308,-93,320, 301,-90,425, 350,-118,319, 342,-114,425, 360,-136,316, 351,-137,420, 360,-140,321, 352,-135,419, 358,-123,324, 349,-118,394, 176,0,356, 177,0,394, 116,53,354, 120,42,402, 62,154,349, 68,156,399, 53,159,353, 61,163,416, 39,81,340, 44,92,
369, 300,-138,373, 305,-122,375, 305,-122,377, 305,-122,367, 304,-121,365, 304,-121,363, 303,-121,381, 301,-58,361, 300,-50,374, 294,-116,366, 292,-114,404, 275,-44,344, 272,-36,429, 305,-71,320, 297,-62,425, 346,-100,319, 339,-87,425, 356,-119,316, 348,-111,420, 357,-122,321, 349,-108,418, 354,-105,323, 346,-91,394, 176,0,356, 176,0,394, 115,50,354, 119,44,403, 62,144,349, 68,158,400, 52,149,353, 60,165,416, 39,72,340, 43,94,
369, 299,-127,372, 305,-113,374, 305,-113,376, 305,-113,367, 304,-110,365, 304,-110,363, 303,-110,381, 301,-51,361, 300,-39,373, 293,-107,365, 292,-103,403, 275,-40,344, 272,-20,431, 302,-74,319, 295,-40,425, 344,-107,317, 337,-62,425, 354,-126,315, 346,-85,420, 354,-128,320, 347,-82,419, 352,-111,322, 344,-66,395, 176,-2,356, 176,2,394, 114,45,354, 119,44,403, 62,137,349, 68,152,400, 52,141,354, 60,159,416, 39,67,340, 43,90,
369, 299,-129,372, 305,-114,374, 305,-114,377, 305,-114,367, 304,-112,365, 304,-112,363, 303,-112,381, 301,-49,360, 300,-41,373, 293,-107,365, 292,-105,403, 274,-32,344, 271,-23,434, 301,-69,316, 293,-49,426, 341,-109,317, 336,-72,425, 352,-129,315, 344,-95,420, 353,-131,319, 346,-92,419, 349,-113,321, 343,-76,395, 176,-2,356, 176,2,394, 114,45,354, 119,42,403, 62,140,349, 68,149,400, 52,145,354, 60,156,416, 38,71,339, 42,84,
369, 299,-135,372, 304,-120,374, 304,-120,376, 304,-120,367, 304,-119,365, 304,-119,363, 303,-119,381, 301,-53,360, 300,-47,373, 293,-112,365, 292,-110,403, 272,-37,343, 270,-30,436, 294,-98,314, 287,-97,426, 336,-166,316, 331,-160,425, 346,-190,314, 340,-187,420, 348,-189,318, 341,-181,419, 343,-170,320, 338,-163,395, 174,-1,356, 174,1,394, 113,45,354, 118,53,403, 60,138,349, 68,167,400, 50,143,354, 60,174,416, 38,68,339, 42,106,
369, 299,-138,372, 304,-124,374, 304,-124,376, 304,-124,367, 304,-122,365, 303,-122,363, 303,-122,381, 301,-57,360, 300,-50,373, 293,-115,365, 292,-113,403, 272,-41,343, 269,-32,438, 287,-113,311, 282,-98,426, 330,-185,315, 325,-164,425, 340,-210,314, 334,-191,421, 341,-207,318, 334,-184,420, 337,-188,319, 331,-166,395, 174,-2,356, 174,2,394, 112,44,354, 118,62,403, 59,137,349, 67,179,400, 49,142,354, 59,187,416, 38,66,339, 42,120,
369, 299,-139,372, 304,-125,374, 304,-125,376, 304,-125,366, 304,-123,364, 303,-123,362, 303,-123,381, 301,-59,360, 300,-50,373, 292,-117,365, 292,-113,403, 272,-41,343, 268,-28,439, 281,-118,311, 275,-93,428, 323,-194,315, 320,-163,427, 333,-217,314, 328,-190,422, 334,-215,318, 329,-181,421, 331,-196,319, 326,-165,395, 174,-4,356, 174,4,394, 113,33,353, 118,61,404, 58,116,349, 67,176,401, 49,120,354, 59,183,416, 37,44,339, 42,117,
369, 299,-141,372, 304,-130,374, 304,-130,376, 304,-130,366, 303,-126,364, 303,-126,362, 303,-126,381, 301,-69,359, 300,-50,373, 292,-120,365, 292,-114,403, 272,-50,343, 268,-29,440, 275,-131,311, 269,-101,430, 318,-213,314, 313,-198,429, 329,-236,314, 321,-225,424, 329,-232,318, 322,-214,423, 326,-214,320, 319,-199,395, 173,-4,356, 173,4,394, 114,54,353, 118,59,403, 61,156,349, 68,169,399, 52,163,354, 60,176,416, 38,98,339, 42,117,
369, 299,-145,372, 304,-136,375, 304,-136,377, 304,-136,366, 304,-131,364, 303,-131,362, 303,-131,381, 301,-77,359, 300,-57,374, 293,-125,365, 292,-118,404, 272,-53,343, 268,-29,440, 270,-127,311, 263,-101,431, 313,-206,314, 307,-204,430, 323,-227,314, 316,-230,425, 324,-222,318, 317,-219,424, 321,-207,320, 314,-204,395, 173,-4,356, 173,4,394, 115,47,353, 118,60,403, 61,136,349, 68,172,399, 53,141,353, 60,180,416, 38,79,339, 43,119,
369, 299,-167,372, 304,-160,375, 304,-160,377, 304,-160,366, 303,-155,364, 303,-155,362, 303,-155,381, 301,-100,359, 300,-80,374, 292,-144,365, 291,-138,404, 272,-62,343, 268,-40,440, 255,-140,311, 253,-125,433, 298,-238,314, 292,-257,432, 309,-260,314, 302,-286,428, 311,-254,318, 304,-276,427, 308,-238,320, 301,-258,395, 172,-4,356, 173,4,395, 114,48,353, 117,63,402, 62,150,349, 68,183,399, 54,157,353, 60,192,416, 39,92,339, 43,131,
369, 298,-163,372, 304,-156,375, 304,-156,377, 304,-156,366, 303,-151,364, 303,-151,362, 302,-151,381, 301,-98,359, 299,-75,374, 292,-141,365, 291,-135,404, 272,-61,343, 268,-36,440, 252,-136,311, 251,-111,434, 295,-229,314, 290,-230,433, 306,-250,314, 300,-257,429, 309,-244,318, 301,-246,428, 305,-229,320, 298,-230,395, 172,-5,356, 173,5,395, 113,31,352, 116,67,402, 61,123,349, 67,194,399, 54,129,353, 60,204,416, 38,58,339, 43,143,
369, 298,-164,372, 303,-157,375, 304,-157,377, 304,-157,366, 303,-152,364, 302,-152,362, 302,-152,381, 301,-99,359, 299,-77,375, 291,-143,365, 290,-136,404, 271,-61,343, 268,-36,440, 251,-134,312, 250,-111,435, 294,-225,314, 289,-234,433, 305,-246,314, 299,-262,430, 307,-240,318, 301,-251,428, 304,-225,320, 297,-234,395, 172,-5,356, 173,5,395, 112,29,352, 116,71,403, 60,110,349, 67,195,399, 54,115,353, 60,205,416, 37,42,339, 43,145,
369, 297,-165,372, 303,-157,375, 303,-157,377, 303,-157,366, 302,-152,364, 302,-152,362, 302,-152,381, 301,-99,359, 299,-77,375, 291,-143,365, 290,-137,404, 271,-61,344, 268,-37,440, 252,-132,312, 250,-112,435, 294,-218,315, 289,-232,434, 304,-239,315, 299,-260,430, 307,-232,318, 301,-249,429, 304,-218,320, 298,-233,395, 172,-6,356, 173,6,395, 112,28,352, 116,70,403, 60,111,349, 67,195,399, 54,116,353, 60,204,417, 36,44,339, 43,144,
369, 296,-170,372, 302,-164,375, 302,-164,377, 302,-164,366, 301,-159,364, 301,-159,362, 300,-159,381, 300,-107,359, 298,-84,375, 290,-148,365, 289,-142,404, 271,-66,344, 268,-40,439, 252,-135,312, 250,-112,435, 295,-220,315, 289,-233,434, 305,-240,315, 299,-260,430, 307,-234,319, 300,-250,429, 304,-220,320, 297,-234,394, 172,-6,356, 174,6,395, 112,27,352, 116,69,403, 60,109,349, 68,192,400, 54,113,353, 60,201,417, 36,41,339, 43,141,
369, 295,-168,373, 301,-159,375, 301,-159,377, 302,-159,366, 301,-155,364, 300,-155,362, 300,-155,381, 300,-100,359, 297,-81,375, 289,-147,365, 288,-141,404, 271,-62,344, 267,-38,439, 253,-132,313, 251,-113,435, 296,-220,315, 290,-238,434, 306,-241,315, 300,-266,430, 309,-235,319, 301,-255,429, 305,-220,320, 298,-238,394, 172,-6,356, 174,6,394, 113,24,352, 116,69,403, 60,109,349, 68,195,400, 54,114,353, 60,205,417, 36,42,339, 43,144,
369, 295,-163,373, 301,-155,375, 301,-155,378, 301,-155,366, 300,-151,364, 300,-151,362, 300,-151,381, 299,-94,359, 297,-75,375, 289,-140,365, 288,-135,404, 271,-55,344, 267,-35,439, 256,-131,313, 253,-115,435, 298,-224,315, 292,-242,434, 308,-246,315, 302,-272,430, 310,-240,319, 304,-261,429, 307,-224,320, 300,-243,394, 172,-6,356, 174,6,394, 113,19,352, 116,68,403, 60,111,349, 68,202,400, 54,116,353, 60,213,417, 35,41,339, 43,149,
369, 296,-147,373, 302,-134,375, 302,-134,378, 302,-134,366, 301,-132,364, 300,-132,362, 300,-132,381, 300,-70,359, 297,-59,375, 290,-125,366, 289,-122,404, 270,-40,344, 267,-32,440, 272,-78,311, 267,-79,433, 315,-121,315, 310,-135,431, 324,-139,317, 317,-159,427, 326,-136,321, 318,-149,426, 323,-123,321, 315,-136,394, 172,-4,356, 174,4,394, 113,23,352, 116,58,403, 59,116,349, 67,184,400, 53,121,353, 60,193,418, 35,45,339, 43,122,
369, 296,-139,373, 302,-124,375, 302,-124,378, 303,-124,366, 301,-124,364, 301,-124,362, 301,-124,381, 300,-58,359, 298,-53,375, 290,-116,366, 290,-115,403, 269,-34,343, 267,-32,440, 281,-82,311, 275,-85,432, 323,-137,316, 319,-136,430, 332,-157,317, 327,-161,426, 334,-155,321, 327,-152,425, 330,-139,322, 324,-138,394, 172,-2,356, 174,2,394, 113,24,352, 115,57,403, 59,116,349, 67,183,400, 52,121,353, 60,192,418, 34,41,339, 43,121,
369, 296,-143,373, 302,-129,375, 303,-129,378, 303,-129,366, 301,-128,364, 301,-128,362, 301,-128,381, 300,-63,359, 298,-56,375, 290,-120,366, 290,-118,403, 269,-38,343, 267,-35,440, 288,-79,311, 282,-79,431, 329,-121,317, 325,-112,429, 338,-140,317, 333,-135,425, 339,-137,322, 334,-127,424, 335,-123,322, 331,-114,394, 172,-1,356, 173,1,394, 112,25,352, 115,53,404, 59,121,349, 67,180,400, 52,125,353, 60,189,418, 34,42,339, 43,117,
369, 297,-145,373, 303,-131,375, 303,-131,378, 303,-131,366, 301,-130,364, 301,-130,362, 301,-130,381, 300,-67,359, 298,-58,375, 291,-123,366, 290,-120,403, 269,-40,343, 267,-42,439, 292,-68,313, 287,-81,429, 334,-91,318, 330,-108,428, 345,-106,317, 338,-131,423, 345,-104,322, 339,-123,422, 342,-93,323, 336,-110,394, 173,0,356, 173,0,394, 112,25,352, 115,49,404, 58,123,349, 68,176,401, 51,128,353, 61,185,418, 33,43,339, 43,112,
369, 297,-146,373, 303,-133,375, 303,-133,378, 303,-133,367, 302,-131,364, 301,-131,362, 301,-131,381, 300,-70,359, 298,-59,375, 291,-124,366, 290,-120,403, 270,-45,343, 268,-44,437, 297,-77,316, 292,-75,427, 339,-101,319, 334,-92,426, 350,-117,318, 342,-114,422, 350,-117,323, 344,-109,420, 347,-104,324, 341,-95,394, 174,0,356, 174,0,393, 113,28,352, 116,48,404, 58,123,349, 68,164,401, 51,127,353, 61,172,418, 34,45,339, 43,100,
369, 297,-170,373, 303,-156,375, 303,-156,378, 303,-156,367, 302,-155,365, 301,-155,363, 301,-155,381, 300,-92,360, 298,-85,375, 291,-147,366, 290,-145,403, 272,-67,343, 270,-65,434, 302,-85,318, 296,-85,426, 345,-122,320, 338,-114,425, 354,-140,318, 346,-137,421, 355,-140,323, 348,-133,419, 352,-125,325, 345,-117,394, 176,0,356, 176,0,393, 115,48,353, 118,41,403, 61,152,349, 68,149,399, 54,158,353, 61,156,416, 36,79,339, 43,82,
370, 297,-164,373, 303,-152,375, 303,-152,378, 303,-152,367, 302,-149,365, 302,-149,363, 301,-149,381, 300,-88,360, 298,-78,375, 291,-141,366, 290,-139,403, 273,-61,343, 271,-60,430, 305,-83,319, 300,-86,425, 348,-111,320, 341,-117,425, 357,-129,318, 349,-141,420, 358,-131,324, 350,-138,418, 355,-114,325, 348,-120,394, 176,0,356, 176,0,393, 115,45,353, 118,44,403, 61,143,349, 68,158,399, 54,148,353, 61,166,416, 36,69,339, 43,94,
370, 298,-175,373, 303,-161,375, 303,-161,378, 303,-161,367, 303,-160,365, 302,-160,363, 302,-160,382, 300,-96,360, 299,-90,375, 291,-152,366, 290,-150,403, 274,-74,343, 272,-70,429, 307,-98,321, 302,-95,424, 350,-125,321, 344,-123,424, 359,-143,319, 352,-147,419, 360,-137,324, 353,-144,418, 358,-127,326, 351,-127,394, 177,-1,356, 177,1,393, 115,46,353, 119,46,403, 61,145,349, 68,163,400, 53,151,353, 61,170,416, 38,72,339, 44,99,
369, 298,-167,373, 304,-152,375, 304,-152,377, 304,-152,367, 303,-149,365, 303,-149,363, 302,-149,382, 300,-90,361, 299,-77,374, 292,-147,366, 291,-143,404, 275,-68,343, 272,-67,429, 307,-98,321, 301,-82,424, 349,-127,321, 343,-105,424, 359,-146,319, 351,-129,419, 359,-146,324, 352,-126,417, 357,-131,326, 350,-109,395, 177,-1,356, 177,1,394, 115,44,354, 119,47,403, 60,141,349, 68,163,400, 52,146,353, 60,170,416, 37,69,339, 43,97,
369, 299,-134,373, 304,-119,375, 304,-119,377, 304,-119,367, 303,-117,365, 303,-117,363, 303,-117,382, 301,-57,361, 299,-44,374, 292,-114,366, 291,-110,404, 276,-47,344, 272,-31,430, 305,-81,321, 299,-55,424, 348,-112,322, 341,-79,424, 358,-132,319, 349,-104,419, 359,-135,324, 350,-100,418, 356,-117,326, 347,-83,395, 177,-3,356, 177,3,394, 115,37,354, 119,48,403, 60,129,349, 68,163,400, 52,133,353, 60,171,416, 37,51,339, 43,100,
369, 299,-127,373, 304,-113,375, 304,-113,377, 304,-113,367, 303,-110,365, 303,-110,363, 303,-110,382, 301,-50,361, 299,-38,374, 292,-106,366, 291,-103,404, 275,-39,344, 272,-22,430, 303,-71,320, 297,-46,424, 346,-101,322, 339,-69,424, 356,-120,319, 348,-92,419, 356,-123,324, 349,-89,418, 353,-105,326, 346,-73,395, 177,-3,356, 177,3,394, 114,33,354, 119,51,403, 59,121,349, 68,169,401, 50,126,353, 60,177,416, 35,43,339, 43,105,
369, 299,-126,373, 304,-110,375, 304,-110,377, 304,-110,367, 304,-109,365, 303,-109,363, 303,-109,382, 301,-43,361, 300,-37,374, 292,-103,366, 291,-101,403, 275,-27,344, 272,-22,432, 302,-57,318, 296,-50,425, 345,-91,320, 338,-73,424, 355,-110,318, 346,-97,419, 355,-112,323, 347,-94,418, 353,-95,325, 345,-77,396, 176,-3,356, 176,3,394, 113,33,354, 119,47,403, 58,123,349, 68,160,401, 49,127,353, 60,167,416, 35,47,339, 43,95,
369, 299,-132,373, 304,-117,375, 304,-117,377, 304,-117,367, 304,-115,365, 303,-115,363, 303,-115,382, 301,-51,361, 300,-44,374, 292,-109,366, 291,-107,404, 274,-34,344, 271,-27,435, 299,-57,316, 291,-58,425, 340,-120,319, 335,-92,425, 351,-142,317, 344,-117,420, 352,-142,322, 345,-112,419, 348,-124,324, 342,-96,396, 175,-3,356, 175,3,394, 112,38,354, 118,53,404, 57,131,349, 67,167,401, 49,136,354, 60,175,416, 35,61,339, 42,105,
369, 299,-143,372, 304,-132,375, 304,-132,377, 304,-132,366, 303,-127,364, 303,-127,362, 303,-127,382, 301,-73,360, 300,-49,374, 292,-122,365, 291,-115,404, 273,-53,344, 270,-25,439, 276,-133,313, 269,-82,429, 318,-216,316, 314,-176,428, 329,-239,316, 323,-202,423, 330,-233,321, 323,-191,422, 326,-217,322, 320,-176,396, 172,-5,356, 173,5,394, 112,38,353, 117,66,404, 58,130,349, 67,185,401, 49,135,354, 59,193,416, 35,60,339, 42,130,
369, 298,-148,372, 304,-138,375, 304,-138,377, 304,-138,366, 303,-134,364, 303,-134,362, 302,-134,382, 301,-79,360, 300,-60,374, 292,-127,365, 291,-121,404, 273,-56,344, 270,-31,440, 270,-140,312, 262,-124,431, 312,-227,315, 305,-243,430, 322,-249,316, 314,-272,425, 323,-243,320, 316,-260,424, 319,-228,322, 312,-243,396, 172,-5,356, 173,5,394, 112,33,353, 117,68,404, 58,114,349, 67,186,401, 49,118,354, 59,194,417, 34,46,339, 42,134,
369, 298,-154,372, 304,-145,375, 304,-145,377, 304,-145,366, 303,-141,364, 303,-141,362, 302,-141,382, 301,-86,360, 300,-66,374, 292,-132,365, 291,-126,404, 273,-56,344, 269,-32,440, 265,-129,312, 259,-118,433, 307,-209,315, 302,-235,431, 317,-230,316, 310,-263,427, 318,-224,320, 312,-251,426, 315,-210,321, 309,-235,395, 172,-5,356, 173,5,395, 112,37,353, 117,71,404, 59,122,349, 67,195,401, 52,127,354, 60,204,417, 36,61,339, 42,144,
369, 298,-157,372, 304,-148,375, 304,-148,377, 304,-148,366, 303,-144,364, 303,-144,362, 302,-144,382, 301,-89,360, 299,-68,375, 292,-135,366, 291,-129,404, 273,-56,344, 269,-32,440, 262,-130,312, 255,-113,433, 303,-216,315, 297,-233,432, 314,-237,316, 306,-261,428, 316,-231,320, 308,-250,427, 312,-217,321, 305,-233,395, 172,-5,356, 173,5,395, 112,39,353, 117,69,403, 61,128,349, 67,191,400, 53,134,353, 60,200,417, 38,67,339, 43,138,
369, 298,-158,372, 304,-150,375, 304,-150,377, 304,-150,366, 303,-145,364, 303,-145,362, 302,-145,382, 301,-92,360, 299,-69,375, 292,-136,366, 291,-130,404, 273,-57,344, 269,-32,440, 259,-131,313, 253,-107,434, 301,-219,315, 294,-229,432, 311,-240,315, 304,-257,428, 313,-234,319, 305,-246,427, 310,-220,321, 302,-230,395, 172,-5,356, 173,5,395, 112,34,352, 116,67,403, 60,127,349, 67,189,400, 53,133,353, 60,198,417, 38,64,339, 43,136,
369, 298,-169,372, 304,-162,375, 304,-162,377, 304,-162,366, 303,-157,364, 302,-157,362, 302,-157,382, 301,-105,360, 299,-80,375, 292,-147,366, 291,-140,404, 273,-66,344, 268,-37,440, 256,-143,313, 251,-115,434, 298,-237,315, 291,-247,432, 309,-259,315, 301,-276,428, 311,-251,319, 303,-266,427, 308,-237,320, 300,-248,395, 172,-6,356, 173,6,395, 112,29,352, 116,78,403, 60,116,349, 67,213,400, 53,121,353, 60,224,417, 37,49,339, 43,163,
369, 297,-170,372, 303,-163,375, 303,-163,377, 304,-163,366, 302,-158,364, 302,-158,362, 302,-158,382, 301,-104,360, 299,-82,375, 291,-148,366, 290,-141,404, 272,-65,344, 268,-39,440, 255,-139,313, 251,-116,435, 297,-233,315, 290,-245,433, 308,-254,315, 300,-273,429, 310,-248,319, 302,-263,428, 306,-233,320, 299,-246,395, 172,-6,356, 173,6,395, 112,27,352, 116,76,403, 59,109,349, 67,206,400, 52,113,353, 60,216,417, 36,39,339, 43,155,
369, 297,-165,372, 303,-157,375, 303,-157,377, 304,-157,366, 302,-153,364, 302,-153,362, 302,-153,382, 301,-99,360, 299,-77,375, 291,-143,366, 290,-137,404, 272,-63,344, 268,-39,440, 257,-135,313, 252,-113,435, 299,-225,315, 293,-236,433, 310,-246,315, 303,-263,429, 312,-239,319, 305,-253,428, 308,-225,320, 301,-236,395, 172,-6,356, 174,6,395, 112,28,352, 116,73,403, 60,113,349, 67,200,400, 52,117,353, 60,210,417, 36,44,339, 43,148,
369, 297,-163,372, 303,-155,375, 303,-155,377, 304,-155,366, 302,-150,364, 302,-150,362, 302,-150,382, 301,-97,360, 299,-77,375, 291,-141,366, 290,-136,404, 273,-64,344, 268,-33,440, 259,-138,312, 254,-108,435, 302,-221,315, 295,-225,433, 312,-241,315, 305,-252,429, 314,-234,319, 307,-241,428, 310,-221,320, 303,-225,394, 172,-7,356, 174,7,395, 113,25,352, 116,75,403, 60,111,349, 67,204,400, 53,116,353, 60,214,417, 36,43,339, 43,153,
369, 297,-160,373, 303,-150,375, 304,-150,378, 304,-150,366, 302,-146,364, 302,-146,362, 302,-146,382, 301,-92,360, 299,-75,376, 292,-138,366, 291,-134,404, 273,-63,344, 268,-34,440, 260,-135,312, 255,-111,434, 302,-217,315, 297,-227,432, 312,-237,316, 305,-255,428, 315,-230,319, 307,-243,427, 311,-216,320, 304,-227,394, 172,-7,356, 174,7,395, 114,26,352, 116,72,403, 60,113,349, 67,198,400, 53,118,353, 60,207,417, 36,45,339, 43,146,
370, 297,-148,373, 303,-137,375, 304,-137,378, 304,-137,366, 302,-133,364, 302,-133,362, 302,-133,382, 301,-77,360, 299,-62,376, 292,-127,366, 291,-123,404, 272,-52,344, 267,-29,441, 266,-113,312, 259,-99,434, 310,-174,315, 302,-197,432, 320,-194,316, 311,-225,428, 321,-188,320, 311,-213,427, 318,-175,321, 308,-197,394, 172,-6,356, 174,6,395, 114,20,352, 116,66,404, 58,102,349, 67,191,401, 51,106,353, 60,200,418, 33,28,339, 43,136,
370, 299,-138,373, 304,-124,375, 304,-124,378, 305,-124,366, 303,-122,364, 303,-122,362, 302,-122,382, 301,-61,360, 299,-49,376, 293,-117,366, 292,-113,404, 272,-41,344, 268,-28,440, 291,-80,312, 282,-66,429, 332,-113,316, 326,-97,428, 343,-131,316, 333,-121,424, 343,-129,320, 334,-112,423, 340,-115,321, 331,-99,394, 174,-5,356, 174,5,394, 113,21,352, 116,53,404, 58,105,349, 67,175,402, 50,109,353, 61,184,418, 32,34,339, 43,112,
369, 299,-143,373, 305,-130,375, 305,-130,377, 305,-130,366, 304,-127,364, 303,-127,362, 303,-127,382, 301,-69,360, 299,-55,375, 294,-122,366, 293,-117,404, 272,-46,344, 268,-34,437, 298,-79,314, 289,-68,427, 340,-99,317, 331,-92,425, 350,-115,316, 339,-114,421, 350,-114,321, 340,-108,420, 347,-102,322, 337,-95,394, 176,-5,356, 176,5,394, 115,29,353, 117,44,404, 59,117,349, 68,152,402, 52,121,353, 61,158,418, 33,38,339, 43,86,
369, 300,-145,373, 305,-133,375, 305,-133,377, 305,-133,367, 304,-127,365, 303,-127,362, 303,-127,382, 302,-73,360, 299,-60,375, 294,-123,366, 293,-123,404, 272,-49,344, 269,-47,433, 302,-83,317, 294,-78,425, 344,-109,318, 335,-117,424, 354,-126,317, 344,-142,420, 354,-127,321, 345,-137,419, 352,-112,323, 342,-120,394, 177,-4,356, 177,4,393, 116,40,353, 118,43,403, 61,135,349, 68,150,402, 53,140,353, 61,157,416, 34,57,339, 43,84,
370, 300,-153,373, 305,-138,375, 305,-138,377, 305,-138,367, 304,-137,365, 303,-137,363, 303,-137,382, 302,-73,360, 299,-71,375, 294,-130,366, 293,-131,404, 273,-56,344, 270,-56,430, 305,-85,318, 296,-80,424, 347,-107,319, 339,-116,424, 357,-124,317, 347,-140,419, 358,-125,321, 349,-136,418, 355,-110,323, 346,-119,395, 177,-4,356, 177,4,393, 116,51,353, 118,40,402, 62,155,349, 68,145,400, 55,161,353, 62,151,415, 37,83,339, 43,78,
370, 300,-169,373, 305,-154,375, 305,-154,377, 305,-154,367, 304,-154,365, 303,-154,363, 303,-154,382, 302,-87,360, 299,-87,375, 294,-145,366, 293,-145,404, 274,-65,344, 271,-69,428, 307,-89,319, 298,-95,422, 350,-113,319, 341,-125,422, 360,-131,317, 349,-149,417, 360,-133,322, 351,-146,416, 358,-117,323, 349,-129,395, 178,-1,357, 178,1,393, 117,56,354, 121,32,402, 63,160,349, 69,136,399, 55,166,353, 62,142,415, 39,90,339, 44,68,
370, 300,-157,373, 305,-140,375, 305,-140,377, 305,-140,367, 304,-141,365, 303,-141,363, 303,-141,382, 301,-73,360, 299,-76,375, 294,-133,366, 293,-135,404, 275,-60,344, 271,-59,427, 308,-83,320, 299,-81,421, 352,-107,320, 341,-103,421, 361,-125,317, 350,-127,416, 362,-128,322, 351,-125,415, 359,-111,324, 348,-107,396, 178,-2,357, 178,2,393, 116,49,354, 120,39,402, 63,149,349, 69,146,399, 55,154,353, 62,154,415, 39,78,339, 44,85,
370, 300,-156,373, 305,-140,375, 305,-140,377, 305,-140,367, 304,-140,365, 303,-140,363, 303,-140,382, 301,-75,360, 299,-73,374, 294,-133,366, 293,-135,404, 275,-63,344, 272,-55,427, 309,-87,321, 301,-75,421, 353,-123,320, 342,-100,421, 362,-142,317, 351,-125,416, 363,-138,322, 352,-123,415, 360,-126,324, 349,-105,396, 178,-4,357, 178,4,393, 117,46,354, 120,44,402, 63,147,349, 68,154,399, 55,153,353, 60,160,415, 39,74,339, 44,89,
370, 300,-128,373, 305,-112,375, 305,-112,377, 305,-112,367, 304,-110,365, 303,-110,363, 303,-110,381, 301,-49,360, 299,-38,374, 294,-107,366, 293,-104,404, 276,-44,344, 272,-21,427, 309,-76,321, 300,-39,421, 352,-104,321, 341,-61,421, 362,-124,318, 350,-84,416, 362,-128,322, 351,-82,415, 360,-109,325, 348,-65,396, 178,-5,357, 178,5,393, 116,39,354, 120,46,402, 62,136,349, 68,160,399, 53,141,354, 60,166,415, 39,59,339, 44,90,
369, 300,-136,373, 305,-122,375, 305,-122,377, 305,-122,366, 304,-120,364, 303,-120,362, 303,-120,381, 302,-59,360, 299,-48,374, 294,-114,365, 293,-112,404, 276,-53,344, 272,-23,428, 308,-89,321, 300,-59,422, 352,-104,321, 342,-90,421, 362,-133,318, 350,-114,416, 362,-143,323, 351,-111,415, 359,-117,325, 348,-94,396, 178,-5,357, 178,5,393, 116,43,354, 120,46,402, 62,145,350, 68,159,399, 53,151,354, 60,166,415, 39,72,339, 44,93,
369, 300,-134,372, 305,-119,375, 305,-119,377, 305,-119,366, 304,-117,364, 303,-117,362, 303,-117,381, 302,-55,360, 299,-45,374, 294,-112,365, 293,-110,404, 274,-42,344, 271,-23,433, 305,-73,318, 294,-43,423, 346,-103,318, 339,-62,423, 356,-123,316, 349,-84,418, 358,-126,320, 351,-81,417, 353,-108,322, 347,-66,396, 176,-5,357, 176,5,394, 115,49,354, 119,46,402, 62,154,350, 68,153,399, 52,160,354, 60,160,415, 39,89,339, 43,90,
369, 299,-137,372, 305,-123,375, 305,-123,377, 305,-123,366, 304,-121,364, 303,-121,362, 303,-121,381, 301,-57,360, 299,-48,374, 293,-115,366, 292,-113,404, 272,-43,344, 269,-25,436, 298,-80,314, 288,-53,425, 339,-108,315, 333,-82,425, 350,-125,314, 342,-105,421, 351,-127,318, 343,-100,419, 346,-112,320, 340,-86,396, 173,-4,357, 173,4,394, 114,60,354, 117,57,402, 61,172,350, 68,173,399, 52,180,354, 60,180,416, 38,110,339, 43,112,
369, 299,-138,372, 305,-123,374, 305,-123,377, 305,-123,366, 304,-121,364, 303,-121,362, 303,-121,381, 301,-58,360, 299,-47,374, 293,-115,366, 292,-112,404, 272,-44,344, 268,-23,439, 291,-102,312, 283,-54,427, 333,-162,314, 327,-110,426, 343,-186,313, 336,-135,422, 344,-185,317, 337,-129,421, 340,-166,319, 334,-114,396, 173,-4,357, 172,4,394, 114,56,354, 117,56,402, 61,163,350, 68,168,399, 52,169,354, 60,174,416, 38,98,339, 43,107,
369, 299,-137,372, 304,-123,374, 305,-123,376, 305,-123,366, 303,-121,364, 303,-121,362, 303,-121,381, 301,-59,360, 299,-48,374, 293,-115,365, 292,-112,404, 271,-42,344, 268,-25,440, 285,-102,312, 276,-68,428, 327,-166,313, 322,-131,428, 336,-189,313, 330,-157,423, 338,-187,317, 331,-150,422, 334,-169,318, 328,-134,396, 173,-4,357, 173,4,395, 113,42,354, 117,55,403, 59,132,350, 68,166,400, 51,137,354, 60,173,417, 38,63,339, 43,107,
369, 299,-138,372, 304,-124,374, 305,-124,377, 305,-124,366, 303,-122,364, 303,-122,362, 302,-122,381, 301,-61,359, 299,-49,374, 293,-116,365, 292,-113,404, 271,-43,344, 268,-23,442, 279,-100,311, 270,-71,430, 321,-156,313, 315,-148,429, 331,-178,313, 325,-174,424, 332,-176,317, 325,-165,423, 329,-159,319, 322,-150,396, 173,-4,357, 173,4,395, 114,39,354, 117,56,403, 59,127,349, 68,167,400, 51,131,353, 60,174,418, 38,58,339, 43,108,
369, 299,-143,372, 304,-132,374, 305,-132,377, 305,-132,366, 303,-128,364, 303,-128,361, 302,-128,381, 301,-73,359, 299,-53,374, 293,-122,365, 292,-116,404, 271,-49,344, 268,-23,442, 273,-112,311, 264,-78,431, 316,-177,313, 310,-169,430, 326,-197,313, 318,-194,425, 327,-192,317, 319,-184,424, 324,-178,319, 316,-170,396, 172,-5,357, 173,5,395, 114,40,353, 117,56,403, 59,132,349, 68,167,400, 51,137,353, 60,174,418, 38,64,339, 43,111,
369, 299,-146,372, 304,-137,375, 305,-137,377, 305,-137,366, 303,-133,364, 303,-133,361, 303,-133,381, 302,-80,359, 299,-59,374, 293,-125,365, 292,-119,404, 272,-50,343, 268,-24,442, 268,-116,311, 261,-89,432, 311,-188,313, 305,-188,431, 321,-208,313, 314,-214,426, 322,-202,317, 315,-202,426, 318,-188,319, 312,-189,396, 172,-4,357, 173,4,395, 114,40,353, 116,53,403, 60,134,349, 67,161,399, 51,139,352, 59,168,418, 38,70,339, 43,105,
369, 299,-159,372, 304,-151,375, 305,-151,377, 305,-151,366, 303,-146,364, 303,-146,361, 303,-146,381, 302,-93,359, 299,-69,375, 293,-137,365, 291,-130,404, 272,-59,343, 268,-28,441, 262,-137,311, 257,-104,434, 305,-228,313, 299,-227,432, 315,-250,313, 308,-254,428, 317,-243,317, 310,-244,427, 314,-229,319, 306,-228,396, 172,-6,357, 173,6,395, 114,32,353, 116,73,403, 59,121,349, 67,203,399, 52,126,352, 60,213,418, 37,53,339, 43,152,
369, 299,-155,372, 304,-146,375, 304,-146,377, 305,-146,366, 303,-142,364, 303,-142,361, 303,-142,381, 302,-87,359, 299,-66,375, 293,-134,365, 291,-128,404, 272,-57,344, 268,-26,441, 259,-132,311, 255,-100,434, 302,-225,313, 296,-224,432, 312,-247,313, 305,-252,428, 314,-241,317, 307,-242,428, 311,-226,319, 304,-225,395, 172,-7,357, 173,7,395, 113,21,353, 116,75,403, 59,111,349, 67,208,400, 52,116,352, 60,219,418, 37,41,339, 43,157,
369, 298,-166,372, 304,-158,375, 304,-158,377, 304,-158,366, 303,-153,364, 303,-153,361, 302,-153,381, 301,-99,359, 299,-77,375, 292,-143,365, 291,-137,404, 272,-61,344, 268,-34,441, 255,-135,311, 252,-109,435, 298,-226,313, 292,-232,433, 309,-247,313, 302,-260,429, 311,-240,317, 304,-249,428, 307,-226,319, 301,-233,395, 172,-7,356, 173,7,395, 113,27,352, 116,71,403, 59,120,349, 67,196,400, 52,125,352, 60,206,418, 37,51,339, 43,144,
369, 298,-163,372, 303,-155,375, 304,-155,377, 304,-155,366, 303,-150,364, 302,-150,361, 302,-150,381, 301,-96,359, 299,-75,375, 292,-141,365, 291,-135,404, 272,-60,344, 268,-35,441, 253,-133,312, 251,-110,435, 295,-225,313, 290,-232,433, 305,-247,313, 300,-259,429, 308,-240,317, 302,-248,428, 304,-225,319, 299,-232,395, 172,-6,356, 173,6,395, 113,30,352, 116,68,403, 59,123,349, 67,194,400, 52,128,352, 60,203,418, 37,55,339, 43,141,
